#t	|m1|	|m2|
0	0	0.00625
1	0.04	0.01125
2	0.08	0.06375
3	0.06	0.02125
4	0.08	0.01375
5	0.04	0.01625
6	0.2	0.05125
7	0.14	0.05
8	0.02	0.0775
9	0.2	0.08
10	0.12	0.10625
11	0	0.1125
12	0.18	0.12
13	0.26	0.115
14	0.38	0.13
15	0.3	0.14125
16	0.34	0.17125
17	0.3	0.1425
18	0.38	0.15125
19	0.48	0.15625
20	0.54	0.175
21	0.7	0.15875
22	0.76	0.1475
23	0.84	0.12125
24	0.92	0.11625
25	0.9	0.10375
26	0.98	0.12875
27	0.94	0.1675
28	0.94	0.17
29	0.94	0.215
30	0.9	0.22125
31	0.98	0.23
32	1	0.21125
33	0.98	0.24875
34	0.98	0.24
35	0.98	0.2775
36	0.98	0.3075
37	0.98	0.275
38	0.96	0.2525
39	0.98	0.29875
40	1	0.2825
41	1	0.30125
42	0.98	0.2825
43	1	0.25875
44	1	0.29125
45	0.9	0.27125
46	0.86	0.27875
47	0.86	0.27875
48	0.88	0.29
49	0.92	0.28625
50	0.92	0.28625
51	0.96	0.2775
52	0.92	0.2925
53	0.94	0.32125
54	1	0.29125
55	0.98	0.3225
56	0.98	0.35625
57	0.96	0.345
58	0.9	0.36625
59	0.96	0.33625
60	0.8	0.305
61	0.9	0.29875
62	0.88	0.31875
63	0.92	0.2975
64	0.96	0.31375
65	0.92	0.34625
66	0.98	0.34375
67	0.98	0.36625
68	0.98	0.38625
69	0.96	0.375
70	0.96	0.3875
71	0.94	0.40125
72	0.9	0.39875
73	0.86	0.4025
74	0.92	0.36125
75	0.94	0.415
76	0.92	0.37875
77	0.94	0.3625
78	0.98	0.355
79	0.96	0.355
80	0.96	0.35
81	0.96	0.3625
82	0.86	0.35375
83	0.88	0.33375
84	0.98	0.3575
85	0.96	0.38125
86	0.92	0.3875
87	0.88	0.39125
88	0.84	0.42125
89	0.92	0.44125
90	0.84	0.46125
91	0.96	0.47125
92	0.98	0.46
93	0.98	0.47125
94	0.98	0.46
95	0.96	0.45125
96	0.98	0.46125
97	0.94	0.43875
98	0.94	0.41875
99	0.98	0.415
100	0.98	0.4475
101	0.96	0.4525
102	0.96	0.40875
103	0.94	0.41875
104	0.96	0.44625
105	0.96	0.4725
106	0.96	0.4925
107	0.96	0.49875
108	0.98	0.49375
109	0.98	0.48375
110	0.98	0.48375
111	0.96	0.475
112	0.92	0.475
113	0.96	0.48875
114	0.98	0.51375
115	0.98	0.4975
116	0.96	0.5
117	0.98	0.4775
118	0.88	0.475
119	0.88	0.48375
120	0.94	0.4775
121	0.88	0.5
122	0.92	0.46875
123	0.92	0.47125
124	0.92	0.44
125	0.98	0.445
126	0.94	0.435
127	0.88	0.4325
128	0.88	0.44875
129	0.9	0.42
130	0.82	0.4225
131	0.78	0.40375
132	0.6	0.39375
133	0.66	0.4025
134	0.78	0.43375
135	0.74	0.4525
136	0.7	0.47875
137	0.66	0.48625
138	0.76	0.485
139	0.76	0.5175
140	0.8	0.53375
141	0.9	0.55375
142	0.94	0.5625
143	0.84	0.56
144	0.92	0.57875
145	0.94	0.5575
146	0.94	0.5525
147	0.96	0.53875
148	0.92	0.55
149	0.96	0.56
150	1	0.56625
151	0.92	0.56625
152	0.92	0.54875
153	0.96	0.5675
154	0.96	0.59875
155	0.96	0.6275
156	0.96	0.6425
157	0.82	0.64375
158	0.9	0.63375
159	0.82	0.63125
160	0.78	0.61
161	0.76	0.59875
162	0.88	0.59875
163	0.94	0.62125
164	0.94	0.5925
165	0.94	0.6
166	0.94	0.5975
167	0.96	0.59875
168	0.98	0.58
169	0.94	0.605
170	0.96	0.59625
171	0.96	0.6025
172	0.94	0.6025
173	0.9	0.59125
174	0.96	0.5975
175	0.96	0.60375
176	0.98	0.595
177	1	0.61875
178	0.94	0.6
179	0.96	0.6075
180	0.94	0.59625
181	0.94	0.6225
182	0.92	0.60125
183	0.94	0.60125
184	0.88	0.6225
185	0.96	0.6325
186	0.96	0.615
187	0.96	0.61
188	0.96	0.605
189	0.94	0.6075
190	0.94	0.6
191	0.9	0.605
192	0.9	0.5925
193	0.96	0.59875
194	0.92	0.60375
195	0.9	0.595
196	0.84	0.59375
197	0.86	0.5775
198	0.68	0.555
199	0.64	0.58875
200	0.66	0.5725
201	0.62	0.58
202	0.7	0.6
203	0.86	0.57875
204	0.82	0.60125
205	0.94	0.62125
206	0.92	0.62125
207	0.96	0.6225
208	0.98	0.6275
209	0.96	0.6025
210	0.96	0.64875
211	0.94	0.6825
212	0.94	0.66
213	0.9	0.66
214	0.9	0.69
215	0.94	0.675
216	0.88	0.6925
217	0.86	0.69625
218	0.86	0.7125
219	0.88	0.71
220	0.86	0.71625
221	0.84	0.70625
222	0.7	0.7225
223	0.76	0.73625
224	0.78	0.73125
225	0.84	0.7275
226	0.84	0.73125
227	0.82	0.7325
228	0.82	0.72875
229	0.88	0.70375
230	0.88	0.715
231	0.88	0.72125
232	0.92	0.71125
233	0.96	0.73375
234	0.94	0.7325
235	0.94	0.715
236	0.92	0.70375
237	0.96	0.70375
238	0.98	0.69
239	0.94	0.72125
240	0.9	0.7475
241	0.8	0.7375
242	0.86	0.7225
243	0.94	0.73125
244	0.9	0.705
245	0.86	0.6975
246	0.82	0.7125
247	0.88	0.73375
248	0.86	0.72875
249	0.84	0.7325
250	0.88	0.72125
251	0.82	0.7075
252	0.8	0.70625
253	0.84	0.745
254	0.88	0.7675
255	0.84	0.74
256	0.84	0.765
257	0.8	0.76875
258	0.8	0.8025
259	0.66	0.78125
260	0.9	0.8125
261	0.78	0.83125
262	0.82	0.82625
263	0.9	0.84
264	0.92	0.855
265	0.98	0.8525
266	1	0.85875
267	1	0.8625
268	1	0.86875
269	1	0.90375
270	0.98	0.90875
271	0.98	0.91125
272	0.98	0.91375
273	1	0.90875
274	1	0.90875
275	1	0.92
276	0.96	0.89875
277	0.82	0.8925
278	1	0.9075
279	0.98	0.915
280	0.94	0.90625
281	0.92	0.92
282	0.88	0.92625
283	0.96	0.9425
284	0.98	0.92875
285	1	0.935
286	0.94	0.92375
287	0.96	0.925
288	0.94	0.905
289	1	0.89
290	1	0.89625
291	0.98	0.88375
292	0.98	0.89375
293	0.96	0.8825
294	0.94	0.87625
295	0.96	0.8975
296	0.94	0.90125
297	0.98	0.9
298	0.94	0.91625
299	0.94	0.925
300	0.96	0.92375
301	0.92	0.9275
302	0.94	0.91875
303	0.92	0.91125
304	0.88	0.915
305	0.98	0.915
306	0.98	0.9075
307	0.94	0.9
308	0.92	0.91875
309	0.92	0.90125
310	0.96	0.90125
311	0.9	0.88375
312	0.92	0.89375
313	0.96	0.89875
314	0.96	0.91
315	0.94	0.92125
316	1	0.9375
317	0.98	0.92625
318	0.94	0.9
319	0.98	0.92375
320	0.98	0.92
321	0.96	0.90625
322	0.98	0.9375
323	0.96	0.92
324	0.98	0.9175
325	0.96	0.925
326	0.96	0.925
327	0.94	0.93
328	0.92	0.925
329	0.96	0.9125
330	0.96	0.91375
331	0.96	0.91625
332	0.98	0.91625
333	1	0.8975
334	0.98	0.87625
335	0.98	0.90125
336	0.98	0.9
337	0.96	0.90125
338	0.94	0.89
339	0.94	0.905
340	0.96	0.90125
341	0.94	0.91125
342	0.94	0.91375
343	0.86	0.92875
344	0.96	0.93875
345	1	0.95
346	0.94	0.93375
347	0.98	0.94
348	0.94	0.945
349	0.94	0.935
350	0.96	0.9325
351	0.98	0.92625
352	0.94	0.9225
353	0.92	0.935
354	0.9	0.91625
355	0.9	0.92625
356	0.9	0.9075
357	0.94	0.905
358	0.92	0.9
359	0.9	0.89375
360	0.82	0.9075
361	0.78	0.9125
362	0.78	0.915
363	0.8	0.8975
364	0.84	0.89875
365	0.78	0.92125
366	0.78	0.905
367	0.8	0.90375
368	0.78	0.88625
369	0.74	0.88
370	0.72	0.87875
371	0.82	0.9075
372	0.88	0.90375
373	0.98	0.91375
374	0.96	0.93
375	0.96	0.9275
376	0.9	0.9225
377	0.84	0.915
378	0.9	0.9175
379	0.8	0.89875
380	0.92	0.895
381	0.94	0.90125
382	0.9	0.90875
383	0.92	0.89875
384	0.86	0.915
385	0.86	0.9175
386	0.86	0.91625
387	0.9	0.91
388	0.86	0.92625
389	0.88	0.91125
390	0.84	0.92875
391	0.88	0.93
392	0.88	0.9375
393	0.84	0.9275
394	0.88	0.94125
395	0.8	0.9225
396	0.86	0.91375
397	0.92	0.9125
398	0.94	0.91875
399	0.8	0.9325
400	0.78	0.92625
401	0.8	0.9275
402	0.82	0.93875
403	0.84	0.9425
404	0.9	0.94125
405	0.94	0.925
406	0.84	0.9475
407	0.84	0.9425
408	0.88	0.93625
409	0.88	0.93
410	0.86	0.91
411	0.92	0.90375
412	0.98	0.91625
413	0.98	0.9025
414	0.98	0.89625
415	0.96	0.89375
416	0.9	0.9
417	0.84	0.9075
418	0.94	0.9075
419	0.92	0.91125
420	0.9	0.9275
421	0.86	0.92625
422	0.94	0.93625
423	0.94	0.92625
424	0.96	0.91375
425	0.98	0.9075
426	0.98	0.8825
427	0.96	0.9
428	0.94	0.91375
429	0.96	0.91625
430	0.94	0.92125
431	0.96	0.93375
432	0.98	0.91
433	0.92	0.90375
434	0.94	0.89875
435	0.92	0.91125
436	0.9	0.9125
437	0.88	0.90625
438	0.82	0.91125
439	0.52	0.9125
440	0.5	0.9
441	0.48	0.905
442	0.56	0.9125
443	0.48	0.91375
444	0.44	0.93
445	0.48	0.92875
446	0.44	0.91
447	0.42	0.925
448	0.38	0.93875
449	0.48	0.9475
450	0.56	0.93625
451	0.56	0.93375
452	0.58	0.925
453	0.8	0.925
454	0.76	0.92625
455	0.88	0.91
456	0.9	0.92125
457	0.86	0.93375
458	0.84	0.91875
459	0.88	0.91125
460	0.98	0.91
461	0.9	0.91
462	0.9	0.89125
463	0.96	0.9
464	1	0.9125
465	0.98	0.87125
466	0.94	0.865
467	0.9	0.89125
468	0.94	0.9025
469	0.96	0.905
470	0.92	0.89375
471	0.86	0.89
472	0.88	0.90125
473	0.94	0.88875
474	0.96	0.9075
475	0.98	0.90625
476	0.96	0.89
477	0.94	0.895
478	0.96	0.91
479	0.96	0.9225
480	0.92	0.93375
481	0.92	0.94125
482	0.88	0.9475
483	0.94	0.945
484	0.9	0.94375
485	0.84	0.93875
486	0.98	0.9325
487	0.98	0.9225
488	0.98	0.93375
489	0.96	0.92125
490	0.92	0.92875
491	0.92	0.9225
492	0.96	0.9
493	0.98	0.905
494	0.94	0.90125
495	0.84	0.89
496	0.82	0.9
497	0.96	0.89375
498	0.96	0.865
499	0.98	0.845
500	0.98	0.86
501	0.98	0.8725
502	1	0.87
503	0.92	0.88
504	0.94	0.8775
505	0.9	0.87125
506	0.94	0.87875
507	1	0.92
508	0.96	0.9125
509	1	0.91375
510	1	0.92125
511	1	0.9175
512	0.98	0.91125
513	0.98	0.9025
514	0.98	0.9
515	1	0.91625
516	0.98	0.915
517	0.94	0.8875
518	0.88	0.8975
519	0.86	0.89125
520	0.82	0.9
521	0.88	0.91375
522	0.84	0.93125
523	0.7	0.9175
524	0.72	0.90375
525	0.76	0.90125
526	0.86	0.9025
527	0.86	0.9
528	0.9	0.89
529	0.86	0.8925
530	0.78	0.89625
531	0.8	0.91375
532	0.72	0.92625
533	0.86	0.92125
534	0.92	0.915
535	0.9	0.91875
536	0.84	0.90625
537	0.92	0.895
538	0.9	0.905
539	0.84	0.92125
540	0.94	0.90875
541	0.98	0.9
542	0.96	0.90875
543	0.96	0.91
544	0.96	0.93
545	0.88	0.94125
546	0.88	0.92375
547	0.88	0.93125
548	0.92	0.92375
549	0.88	0.93
550	0.96	0.93375
551	0.98	0.9375
552	0.94	0.935
553	0.86	0.945
554	0.92	0.94875
555	0.82	0.9475
556	0.9	0.92375
557	0.96	0.91875
558	0.96	0.92
559	0.94	0.93
560	0.98	0.91125
561	1	0.90125
562	0.96	0.86375
563	0.96	0.875
564	0.96	0.88
565	0.94	0.88625
566	0.92	0.8775
567	0.9	0.8625
568	0.94	0.88125
569	0.94	0.88625
570	0.98	0.88875
571	1	0.91125
572	0.98	0.9225
573	0.9	0.9175
574	0.96	0.92625
575	0.96	0.92625
576	0.98	0.93375
577	0.98	0.94125
578	0.96	0.92
579	0.94	0.9125
580	0.92	0.91
581	0.88	0.93875
582	0.92	0.94
583	0.88	0.93625
584	0.92	0.915
585	1	0.94
586	0.98	0.90875
587	1	0.89875
588	1	0.90125
589	0.92	0.90125
590	0.92	0.89
591	0.94	0.87625
592	0.96	0.875
593	0.92	0.88
594	0.92	0.88
595	0.94	0.89875
596	0.94	0.88
597	0.96	0.87875
598	0.98	0.87875
599	0.98	0.87875
600	1	0.8875
601	1	0.90875
602	1	0.92125
603	0.98	0.905
604	0.96	0.90625
605	0.92	0.8975
606	0.92	0.88375
607	0.98	0.8725
608	0.98	0.8975
609	0.98	0.90125
610	0.96	0.88875
611	0.96	0.88125
612	0.94	0.89
613	0.92	0.8725
614	0.9	0.86
615	0.92	0.8575
616	0.9	0.86125
617	0.92	0.85125
618	0.9	0.865
619	0.94	0.865
620	0.92	0.855
621	0.82	0.885
622	0.9	0.885
623	0.92	0.86125
624	0.86	0.88
625	0.92	0.86375
626	0.92	0.885
627	0.94	0.8875
628	0.94	0.89
629	0.96	0.8775
630	0.92	0.8825
631	0.96	0.8775
632	0.96	0.87
633	0.96	0.88625
634	0.92	0.8675
635	0.88	0.8675
636	0.76	0.87125
637	0.82	0.86625
638	0.88	0.86125
639	0.84	0.8275
640	0.86	0.83125
641	0.88	0.81875
642	0.88	0.805
643	0.84	0.81375
644	0.74	0.79625
645	0.88	0.79625
646	0.92	0.80375
647	0.98	0.8
648	0.98	0.795
649	0.94	0.80875
650	0.94	0.8175
651	0.9	0.83
652	0.92	0.8125
653	0.88	0.8175
654	0.88	0.84
655	0.96	0.8525
656	0.92	0.85125
657	0.94	0.84625
658	0.88	0.8525
659	0.96	0.84375
660	0.9	0.84625
661	0.9	0.84125
662	0.86	0.855
663	0.96	0.86125
664	0.84	0.85375
665	0.9	0.84875
666	0.96	0.81875
667	0.96	0.8175
668	0.96	0.81125
669	0.9	0.84875
670	0.9	0.84375
671	0.92	0.82
672	0.88	0.8375
673	0.84	0.85
674	0.94	0.845
675	0.86	0.84875
676	1	0.8525
677	0.98	0.85125
678	0.94	0.8575
679	0.98	0.8825
680	0.98	0.89375
681	0.98	0.91375
682	0.98	0.905
683	1	0.9
684	0.98	0.89625
685	0.96	0.89
686	1	0.87875
687	0.98	0.86
688	0.94	0.845
689	0.96	0.86125
690	0.88	0.88375
691	0.92	0.89
692	0.92	0.8975
693	0.96	0.87
694	0.94	0.875
695	0.98	0.885
696	0.98	0.8625
697	0.96	0.90625
698	0.96	0.89125
699	0.96	0.86875
700	0.96	0.88125
701	0.94	0.89375
702	0.82	0.89125
703	0.88	0.90375
704	0.94	0.90125
705	0.96	0.89875
706	0.98	0.90875
707	1	0.88875
708	1	0.8975
709	0.98	0.90125
710	0.94	0.8975
711	0.96	0.91125
712	0.88	0.9
713	0.9	0.9125
714	0.9	0.93
715	0.88	0.94875
716	0.9	0.935
717	0.94	0.92875
718	0.9	0.93125
719	0.82	0.92375
720	0.76	0.92625
721	0.78	0.93625
722	0.74	0.925
723	0.76	0.92375
724	0.82	0.91875
725	0.88	0.9325
726	0.92	0.93125
727	0.9	0.93
728	0.96	0.90625
729	0.98	0.92625
730	0.98	0.92125
731	0.94	0.92375
732	0.96	0.92875
733	0.96	0.8975
734	0.88	0.92375
735	0.9	0.9175
736	0.96	0.91
737	0.96	0.91625
738	0.92	0.92125
739	0.96	0.91375
740	0.92	0.92375
741	0.82	0.91625
742	0.76	0.90375
743	0.9	0.915
744	0.94	0.93125
745	0.98	0.9225
746	1	0.9125
747	1	0.93125
748	0.98	0.91625
749	0.92	0.9175
750	0.96	0.895
751	0.9	0.9125
752	0.94	0.92375
753	0.88	0.9225
754	0.94	0.93625
755	0.84	0.925
756	0.74	0.93875
757	0.64	0.94375
758	0.72	0.9275
759	0.78	0.92375
760	0.74	0.92
761	0.84	0.91
762	0.94	0.9
763	0.9	0.9225
764	0.96	0.9175
765	0.94	0.925
766	0.94	0.9175
767	0.98	0.90125
768	0.94	0.91875
769	0.98	0.92875
770	0.94	0.93625
771	0.88	0.9275
772	0.8	0.91
773	0.72	0.925
774	0.86	0.92375
775	0.86	0.9275
776	0.92	0.92625
777	0.86	0.935
778	0.94	0.93125
779	0.98	0.92875
780	0.98	0.91625
781	0.94	0.91625
782	0.98	0.90375
783	0.96	0.925
784	0.92	0.94625
785	0.96	0.9425
786	0.98	0.9375
787	0.94	0.90625
788	0.84	0.9125
789	0.82	0.91875
790	0.74	0.91875
791	0.82	0.90875
792	0.86	0.92
793	0.82	0.925
794	0.86	0.9225
795	0.84	0.91875
796	0.92	0.91625
797	0.86	0.91125
798	0.96	0.90875
799	0.96	0.90875
800	0.98	0.90875
801	0.94	0.90875
802	0.98	0.9175
803	0.94	0.91625
804	0.88	0.92625
805	0.92	0.92
806	0.94	0.91125
807	0.9	0.90875
808	0.88	0.91625
809	0.94	0.92625
810	0.92	0.92625
811	0.96	0.9225
812	0.9	0.91
813	0.94	0.89125
814	0.88	0.88625
815	0.9	0.89
816	0.92	0.9025
817	0.9	0.91375
818	0.9	0.90875
819	0.96	0.93125
820	0.96	0.91375
821	0.88	0.9225
822	0.9	0.895
823	0.94	0.88625
824	0.96	0.88
825	0.96	0.87375
826	0.98	0.84875
827	1	0.85625
828	0.94	0.84625
829	0.94	0.8475
830	0.94	0.8575
831	0.94	0.86125
832	1	0.87
833	0.92	0.88875
834	0.98	0.8925
835	0.94	0.8725
836	0.88	0.8825
837	0.86	0.865
838	0.98	0.885
839	1	0.87375
840	0.96	0.8775
841	0.98	0.8925
842	1	0.9
843	0.94	0.90375
844	0.94	0.89375
845	0.96	0.9025
846	1	0.89375
847	1	0.885
848	1	0.88375
849	0.98	0.89625
850	0.98	0.87
851	0.94	0.89
852	0.96	0.9125
853	0.98	0.92125
854	0.92	0.93
855	0.84	0.93
856	0.84	0.9175
857	0.94	0.91875
858	1	0.91625
859	0.98	0.92625
860	0.96	0.93
861	0.92	0.9075
862	0.88	0.93375
863	0.96	0.9175
864	0.94	0.90875
865	0.88	0.91875
866	0.92	0.91
867	0.96	0.9075
868	0.98	0.89875
869	0.96	0.89625
870	0.96	0.8925
871	0.98	0.91125
872	1	0.91375
873	0.96	0.91375
874	0.92	0.9
875	0.92	0.89125
876	0.92	0.865
877	0.92	0.87125
878	0.94	0.8825
879	0.94	0.8775
880	0.9	0.90125
881	0.94	0.8875
882	0.98	0.87375
883	1	0.8875
884	1	0.905
885	1	0.90625
886	0.96	0.90625
887	0.96	0.8975
888	0.92	0.885
889	0.94	0.9
890	0.96	0.855
891	0.94	0.86125
892	0.94	0.8575
893	0.88	0.865
894	0.94	0.88875
895	0.94	0.90625
896	0.96	0.9275
897	0.94	0.9375
898	0.96	0.915
899	0.96	0.91625
900	0.98	0.9075
901	1	0.93625
902	1	0.91625
903	1	0.92625
904	0.94	0.93375
905	0.96	0.93625
906	0.88	0.94875
907	0.82	0.94875
908	0.76	0.93625
909	0.72	0.915
910	0.8	0.8925
911	0.84	0.87375
912	0.82	0.87625
913	0.84	0.88625
914	0.88	0.8725
915	0.9	0.88875
916	0.84	0.8825
917	0.84	0.8575
918	0.88	0.8625
919	0.86	0.83875
920	0.94	0.8625
921	0.92	0.88625
922	0.94	0.88125
923	0.94	0.86875
924	0.9	0.9
925	0.9	0.89875
926	0.94	0.89
927	0.96	0.8975
928	1	0.9175
929	1	0.92375
930	0.96	0.925
931	0.98	0.91125
932	0.9	0.89875
933	0.9	0.885
934	0.84	0.895
935	0.72	0.88
936	0.68	0.88875
937	0.76	0.9
938	0.92	0.91375
939	1	0.91
940	0.98	0.9275
941	0.96	0.90875
942	0.88	0.90625
943	0.84	0.89625
944	0.9	0.9175
945	0.84	0.9225
946	0.86	0.91875
947	0.9	0.92
948	0.96	0.915
949	0.86	0.91875
950	0.86	0.9375
951	0.92	0.925
952	0.94	0.9275
953	0.96	0.93625
954	0.88	0.92
955	0.88	0.93125
956	0.96	0.93375
957	0.9	0.945
958	0.86	0.935
959	0.86	0.935
960	0.92	0.92125
961	0.96	0.9025
962	1	0.88875
963	0.98	0.89
964	0.94	0.8925
965	0.96	0.89875
966	0.98	0.9175
967	0.88	0.9125
968	0.9	0.92625
969	0.96	0.93875
970	0.92	0.93375
971	0.9	0.94
972	0.88	0.9325
973	0.92	0.93
974	0.88	0.90625
975	0.82	0.9175
976	0.8	0.93375
977	0.78	0.92375
978	0.76	0.935
979	0.62	0.94375
980	0.72	0.95375
981	0.78	0.93875
982	0.8	0.94875
983	0.76	0.94125
984	0.92	0.9275
985	0.86	0.91375
986	0.94	0.90625
987	0.98	0.9025
988	0.88	0.89875
989	0.98	0.91125
990	1	0.90375
991	1	0.91
992	1	0.90875
993	0.96	0.9275
994	0.96	0.90625
995	0.96	0.90875
996	0.96	0.90375
997	1	0.915
998	1	0.91875
999	0.94	0.90625
1000	0.94	0.915
1001	0.96	0.92
1002	0.92	0.92
1003	0.98	0.91375
1004	0.94	0.92875
1005	0.96	0.9275
1006	0.96	0.9375
1007	0.96	0.93
1008	0.84	0.92375
1009	0.84	0.915
1010	0.92	0.91375
1011	0.9	0.92125
1012	0.82	0.93
1013	0.74	0.94875
1014	0.74	0.9375
1015	0.82	0.95
1016	0.9	0.935
1017	0.98	0.92375
1018	1	0.91375
1019	0.92	0.89625
1020	0.94	0.91375
1021	1	0.935
1022	0.88	0.90875
1023	0.86	0.91625
1024	0.88	0.90875
1025	0.9	0.91
1026	0.84	0.90625
1027	0.88	0.89875
1028	0.82	0.8975
1029	0.86	0.90625
1030	0.92	0.91375
1031	0.9	0.89875
1032	0.92	0.86375
1033	0.96	0.8575
1034	0.98	0.87125
1035	0.96	0.87125
1036	0.88	0.87875
1037	0.92	0.85375
1038	0.94	0.86375
1039	0.9	0.84375
1040	0.94	0.8375
1041	1	0.8275
1042	1	0.86125
1043	0.94	0.8575
1044	1	0.9
1045	0.94	0.89125
1046	0.92	0.89625
1047	0.96	0.90125
1048	0.82	0.90875
1049	1	0.91875
1050	1	0.905
1051	0.96	0.90625
1052	0.98	0.89375
1053	0.98	0.9175
1054	0.9	0.92625
1055	0.96	0.92625
1056	0.94	0.93
1057	0.96	0.91625
1058	0.98	0.9375
1059	1	0.9425
1060	1	0.94
1061	1	0.9175
1062	0.92	0.91125
1063	1	0.91375
1064	0.98	0.92375
1065	1	0.92375
1066	1	0.93125
1067	0.96	0.90625
1068	0.88	0.90375
1069	0.86	0.8725
1070	0.88	0.88875
1071	0.92	0.90625
1072	0.92	0.9125
1073	0.92	0.92375
1074	0.9	0.91375
1075	0.96	0.92
1076	0.98	0.91
1077	1	0.93
1078	1	0.93375
1079	0.98	0.93125
1080	1	0.9325
1081	0.98	0.9325
1082	0.98	0.92375
1083	0.9	0.9325
1084	0.92	0.93375
1085	0.86	0.925
1086	0.94	0.89875
1087	0.92	0.89375
1088	0.9	0.89125
1089	0.94	0.9025
1090	0.98	0.9175
1091	0.96	0.915
1092	0.98	0.91875
1093	0.98	0.9225
1094	0.94	0.9175
1095	0.92	0.91625
1096	0.94	0.9275
1097	0.9	0.90625
1098	0.92	0.90375
1099	0.88	0.9225
1100	0.84	0.94
1101	0.86	0.94625
1102	0.84	0.92125
1103	0.86	0.92875
1104	0.94	0.91875
1105	0.98	0.92375
1106	0.98	0.92625
1107	0.94	0.9425
1108	0.96	0.9475
1109	1	0.94375
1110	0.98	0.9525
1111	0.96	0.95
1112	0.96	0.95
1113	0.94	0.945
1114	0.92	0.9425
1115	0.84	0.93
1116	0.94	0.9075
1117	1	0.89125
1118	1	0.87875
1119	0.94	0.9025
1120	0.94	0.92
1121	0.96	0.92125
1122	0.92	0.93625
1123	0.88	0.92875
1124	0.98	0.9225
1125	0.98	0.90875
1126	1	0.88625
1127	0.98	0.9
1128	0.98	0.9175
1129	0.96	0.9275
1130	0.98	0.90875
1131	0.96	0.89875
1132	0.98	0.90125
1133	0.92	0.90625
1134	0.98	0.91375
1135	0.98	0.9225
1136	0.92	0.9225
1137	0.92	0.92
1138	0.9	0.93875
1139	0.92	0.91875
1140	0.94	0.8975
1141	0.92	0.9025
1142	0.98	0.935
1143	0.98	0.92125
1144	0.9	0.9325
1145	0.9	0.92375
1146	0.94	0.92625
1147	0.92	0.91875
1148	0.94	0.9
1149	0.88	0.90375
1150	0.88	0.88
1151	0.92	0.8925
1152	0.9	0.9175
1153	0.9	0.9225
1154	0.98	0.9275
1155	1	0.90125
1156	0.98	0.9025
1157	0.98	0.90875
1158	0.98	0.915
1159	0.98	0.91125
1160	0.94	0.915
1161	0.92	0.91375
1162	0.82	0.9125
1163	0.76	0.91875
1164	0.82	0.9075
1165	0.9	0.8925
1166	0.9	0.875
1167	0.9	0.875
1168	0.92	0.8975
1169	0.98	0.89125
1170	1	0.90375
1171	1	0.90875
1172	0.96	0.88125
1173	0.96	0.88375
1174	0.98	0.87375
1175	0.9	0.88
1176	0.8	0.885
1177	0.82	0.86625
1178	0.9	0.87625
1179	0.9	0.88625
1180	0.96	0.87
1181	0.94	0.88125
1182	0.98	0.905
1183	1	0.90375
1184	1	0.9125
1185	1	0.915
1186	1	0.91125
1187	0.98	0.91125
1188	1	0.9125
1189	0.98	0.91875
1190	0.94	0.91875
1191	1	0.8925
1192	0.98	0.905
1193	0.98	0.86375
1194	0.9	0.86375
1195	0.98	0.86875
1196	0.94	0.855
1197	0.94	0.88875
1198	0.94	0.89625
1199	0.92	0.91375
1200	0.96	0.91
1201	0.98	0.905
1202	1	0.90875
1203	0.98	0.89125
1204	0.94	0.89875
1205	0.96	0.92375
1206	0.96	0.9275
1207	0.98	0.92375
1208	0.9	0.93
1209	0.9	0.92125
1210	0.92	0.92875
1211	0.92	0.95125
1212	0.96	0.9275
1213	0.98	0.90625
1214	1	0.90375
1215	0.96	0.90875
1216	0.92	0.92125
1217	0.96	0.91
1218	0.98	0.90625
1219	1	0.9275
1220	0.98	0.93375
1221	0.98	0.93375
1222	0.94	0.91
1223	1	0.89875
1224	0.98	0.87875
1225	0.94	0.8625
1226	0.82	0.87875
1227	0.92	0.85875
1228	0.96	0.86625
1229	0.98	0.875
1230	0.92	0.8875
1231	0.86	0.87
1232	0.94	0.89125
1233	0.96	0.90125
1234	0.9	0.89375
1235	0.94	0.92125
1236	0.94	0.9325
1237	0.96	0.92125
1238	0.9	0.92625
1239	0.92	0.9225
1240	0.96	0.92625
1241	1	0.91125
1242	1	0.9325
1243	0.9	0.92875
1244	0.84	0.93
1245	0.96	0.935
1246	0.94	0.905
1247	1	0.92
1248	1	0.92625
1249	1	0.9375
1250	0.92	0.9375
1251	0.94	0.905
1252	0.94	0.8875
1253	0.98	0.90125
1254	0.94	0.93125
1255	0.94	0.915
1256	0.96	0.91625
1257	0.94	0.9275
1258	0.94	0.9325
1259	0.9	0.92875
1260	0.92	0.94125
1261	0.92	0.94375
1262	0.94	0.9175
1263	0.92	0.91125
1264	0.88	0.91
1265	0.86	0.92625
1266	0.9	0.92375
1267	0.82	0.92125
1268	0.86	0.91875
1269	0.82	0.93375
1270	0.86	0.9375
1271	0.74	0.9375
1272	0.9	0.93875
1273	0.84	0.9475
1274	0.88	0.9425
1275	0.9	0.93375
1276	0.9	0.935
1277	0.94	0.91
1278	0.9	0.9125
1279	0.88	0.9
1280	1	0.8925
1281	1	0.90125
1282	0.98	0.91375
1283	0.98	0.89625
1284	1	0.9
1285	1	0.8875
1286	0.94	0.85875
1287	0.96	0.83
1288	0.92	0.8475
1289	0.92	0.81625
1290	0.92	0.81
1291	0.78	0.81625
1292	0.94	0.83875
1293	0.96	0.84875
1294	0.94	0.84375
1295	0.94	0.84875
1296	0.9	0.84625
1297	0.94	0.845
1298	0.92	0.82375
1299	0.88	0.82
1300	0.9	0.8575
1301	0.92	0.865
1302	0.92	0.85125
1303	0.88	0.85375
1304	0.92	0.84125
1305	0.96	0.8425
1306	0.98	0.8425
1307	0.98	0.875
1308	0.96	0.87625
1309	0.96	0.90125
1310	0.92	0.9
1311	0.94	0.8975
1312	0.94	0.8925
1313	0.94	0.8925
1314	0.92	0.90375
1315	0.9	0.9
1316	0.9	0.90875
1317	0.8	0.915
1318	0.76	0.92875
1319	0.86	0.935
1320	0.94	0.9275
1321	0.9	0.93625
1322	0.84	0.9175
1323	0.94	0.91
1324	1	0.9025
1325	0.94	0.9225
1326	0.94	0.93625
1327	0.96	0.92875
1328	0.94	0.89625
1329	0.96	0.89625
1330	1	0.905
1331	0.96	0.89625
1332	0.94	0.89375
1333	0.98	0.89875
1334	1	0.89125
1335	0.94	0.88125
1336	0.92	0.8925
1337	0.94	0.8875
1338	0.9	0.8875
1339	0.92	0.88875
1340	0.96	0.925
1341	0.92	0.93375
1342	0.9	0.92375
1343	0.96	0.92625
1344	0.9	0.91875
1345	0.92	0.8925
1346	0.94	0.9075
1347	0.9	0.91875
1348	0.92	0.9325
1349	0.94	0.91625
1350	0.84	0.88625
1351	0.86	0.89625
1352	0.9	0.89875
1353	0.92	0.90125
1354	0.92	0.90375
1355	0.96	0.885
1356	0.96	0.8875
1357	0.96	0.89375
1358	0.94	0.885
1359	0.96	0.87625
1360	0.98	0.875
1361	0.94	0.88375
1362	0.9	0.87875
1363	0.92	0.8875
1364	0.96	0.90125
1365	0.98	0.90625
1366	0.96	0.925
1367	0.98	0.93875
1368	0.98	0.955
1369	0.98	0.9375
1370	1	0.93
1371	1	0.93375
1372	1	0.93125
1373	0.94	0.92625
1374	0.88	0.94
1375	0.96	0.93875
1376	0.9	0.925
1377	0.82	0.905
1378	0.66	0.91875
1379	0.74	0.9175
1380	0.78	0.93
1381	0.8	0.93
1382	0.82	0.92625
1383	0.96	0.90375
1384	0.98	0.91375
1385	0.96	0.9025
1386	0.96	0.92625
1387	0.98	0.9025
1388	1	0.90375
1389	0.94	0.93125
1390	0.98	0.9125
1391	1	0.92375
1392	0.98	0.92125
1393	0.98	0.935
1394	0.96	0.93125
1395	1	0.9325
1396	1	0.9325
1397	1	0.9425
1398	0.96	0.9625
1399	0.96	0.93875
1400	0.94	0.945
1401	0.88	0.94125
1402	0.94	0.92375
1403	0.96	0.9125
1404	0.96	0.90625
1405	0.92	0.90625
1406	0.96	0.90875
1407	0.94	0.90875
1408	0.9	0.89875
1409	0.88	0.89125
1410	0.84	0.9
1411	0.94	0.89875
1412	0.86	0.9
1413	0.96	0.91875
1414	0.92	0.935
1415	0.94	0.9125
1416	0.96	0.91875
1417	0.94	0.9075
1418	0.88	0.9075
1419	0.84	0.89625
1420	0.82	0.8975
1421	0.74	0.9125
1422	0.7	0.9
1423	0.76	0.89875
1424	0.72	0.91375
1425	0.74	0.91125
1426	0.84	0.92
1427	0.86	0.9175
1428	0.84	0.91
1429	0.84	0.92625
1430	0.86	0.9225
1431	0.86	0.91
1432	0.82	0.88625
1433	0.84	0.90875
1434	0.86	0.91
1435	0.92	0.9175
1436	0.98	0.90625
1437	0.9	0.91625
1438	0.94	0.90875
1439	0.96	0.90125
1440	1	0.89
1441	0.98	0.87625
1442	0.96	0.905
1443	1	0.9125
1444	0.98	0.92625
1445	0.94	0.9225
1446	0.96	0.90625
1447	0.98	0.88875
1448	0.94	0.88875
1449	0.96	0.89625
1450	0.98	0.905
1451	0.92	0.91125
1452	0.94	0.90875
1453	0.92	0.9225
1454	0.92	0.8975
1455	0.86	0.91
1456	0.92	0.9175
1457	0.96	0.915
1458	0.96	0.90125
1459	0.98	0.91375
1460	0.94	0.90375
1461	0.92	0.9175
1462	0.96	0.9175
1463	0.98	0.91625
1464	0.96	0.9325
1465	0.94	0.92
1466	0.94	0.93125
1467	0.96	0.92375
1468	0.94	0.92
1469	0.94	0.9125
1470	0.88	0.9175
1471	0.82	0.92875
1472	0.96	0.94625
1473	0.94	0.95
1474	0.98	0.94625
1475	0.86	0.9425
1476	0.88	0.93375
1477	0.94	0.92375
1478	0.9	0.90625
1479	0.86	0.91
1480	0.92	0.915
1481	0.92	0.89625
1482	0.98	0.9075
1483	0.96	0.91375
1484	0.96	0.91
1485	0.98	0.91375
1486	0.94	0.9225
1487	0.96	0.89875
1488	1	0.86875
1489	0.9	0.87625
1490	0.82	0.895
1491	0.92	0.90375
1492	0.84	0.9075
1493	0.94	0.91125
1494	0.98	0.915
1495	0.98	0.91
1496	0.98	0.91
1497	1	0.9
1498	0.94	0.89375
1499	0.96	0.8875
1500	1	0.89875
1501	0.96	0.86
1502	0.96	0.89625
1503	0.92	0.87875
1504	0.96	0.885
1505	1	0.9225
1506	0.98	0.91375
1507	0.86	0.92625
1508	1	0.92375
1509	0.96	0.9225
1510	0.98	0.9125
1511	0.9	0.89375
1512	0.94	0.88125
1513	0.9	0.8975
1514	0.86	0.89375
1515	0.88	0.9025
1516	0.92	0.895
1517	0.88	0.8825
1518	0.94	0.88125
1519	0.94	0.88375
1520	0.9	0.89625
1521	0.92	0.8975
1522	0.88	0.91125
1523	0.9	0.92125
1524	0.9	0.905
1525	0.92	0.91375
1526	0.88	0.91125
1527	0.96	0.915
1528	1	0.915
1529	0.92	0.93125
1530	0.96	0.9225
1531	1	0.905
1532	0.98	0.90125
1533	0.98	0.90625
1534	0.96	0.915
1535	0.96	0.92625
1536	0.98	0.91875
1537	0.96	0.93125
1538	0.94	0.92125
1539	0.92	0.92375
1540	1	0.92375
1541	1	0.9175
1542	0.98	0.91375
1543	1	0.925
1544	0.98	0.94
1545	0.94	0.9475
1546	0.96	0.9375
1547	0.94	0.935
1548	0.94	0.93375
1549	0.94	0.93625
1550	0.9	0.925
1551	0.82	0.92125
1552	0.86	0.92375
1553	0.9	0.925
1554	0.88	0.945
1555	0.94	0.9375
1556	0.96	0.93375
1557	0.88	0.92375
1558	0.86	0.9375
1559	0.92	0.92875
1560	0.88	0.91625
1561	0.94	0.91625
1562	0.98	0.90625
1563	0.96	0.89875
1564	0.92	0.905
1565	0.94	0.9125
1566	0.88	0.9075
1567	0.88	0.91875
1568	0.9	0.91
1569	0.92	0.9175
1570	0.9	0.91625
1571	0.96	0.92125
1572	0.98	0.91
1573	0.98	0.9275
1574	1	0.9225
1575	0.98	0.925
1576	0.92	0.92875
1577	0.94	0.9325
1578	0.94	0.93625
1579	1	0.93375
1580	0.96	0.925
1581	1	0.93375
1582	0.98	0.93125
1583	0.92	0.93375
1584	0.86	0.94375
1585	0.82	0.94625
1586	0.94	0.925
1587	0.96	0.90375
1588	0.9	0.9075
1589	0.82	0.93125
1590	0.84	0.945
1591	0.92	0.93625
1592	0.94	0.94375
1593	0.9	0.95125
1594	0.78	0.9475
1595	0.84	0.93875
1596	0.74	0.9275
1597	0.84	0.925
1598	0.76	0.91125
1599	0.7	0.91125
1600	0.7	0.91875
1601	0.58	0.90625
1602	0.46	0.8925
1603	0.54	0.895
1604	0.6	0.88
1605	0.76	0.8875
1606	0.92	0.87625
1607	1	0.86125
1608	0.96	0.8725
1609	0.88	0.8925
1610	0.9	0.88375
1611	0.84	0.8825
1612	0.9	0.9
1613	0.9	0.90125
1614	0.86	0.91625
1615	0.86	0.9325
1616	0.88	0.9375
1617	0.88	0.925
1618	0.9	0.93375
1619	0.9	0.92875
1620	0.86	0.93
1621	0.84	0.925
1622	0.88	0.91
1623	0.92	0.91375
1624	0.86	0.9175
1625	0.9	0.92
1626	0.98	0.92125
1627	1	0.9275
1628	1	0.93625
1629	1	0.9325
1630	0.98	0.92125
1631	0.92	0.92125
1632	0.92	0.93125
1633	0.92	0.93375
1634	0.82	0.93
1635	0.8	0.925
1636	0.84	0.93
1637	0.8	0.94375
1638	0.8	0.9225
1639	0.86	0.90875
1640	0.98	0.90875
1641	0.94	0.9125
1642	0.94	0.91625
1643	0.98	0.92375
1644	0.96	0.92125
1645	0.98	0.92125
1646	0.98	0.925
1647	0.96	0.93125
1648	0.96	0.93875
1649	0.98	0.93875
1650	0.98	0.905
1651	0.98	0.9
1652	0.88	0.87875
1653	0.84	0.87125
1654	0.9	0.8675
1655	0.86	0.85375
1656	0.86	0.90125
1657	0.82	0.9075
1658	0.84	0.9075
1659	0.94	0.895
1660	0.92	0.91
1661	0.96	0.91375
1662	0.98	0.9075
1663	0.96	0.92875
1664	0.96	0.91625
1665	0.96	0.93
1666	0.94	0.94375
1667	0.96	0.93625
1668	0.94	0.94125
1669	0.92	0.9425
1670	0.96	0.935
1671	0.96	0.9425
1672	0.92	0.9225
1673	0.98	0.91625
1674	1	0.90375
1675	0.94	0.8975
1676	0.9	0.91
1677	0.94	0.935
1678	0.92	0.9225
1679	0.86	0.92
1680	0.82	0.9175
1681	0.84	0.92
1682	0.78	0.92375
1683	0.86	0.92625
1684	0.86	0.94375
1685	0.9	0.945
1686	0.96	0.92625
1687	0.94	0.9125
1688	0.96	0.89875
1689	0.94	0.9175
1690	0.98	0.9475
1691	0.94	0.935
1692	0.9	0.91
1693	0.92	0.9175
1694	0.9	0.9125
1695	0.86	0.91875
1696	0.92	0.8875
1697	0.88	0.91375
1698	0.94	0.90625
1699	0.88	0.90875
1700	0.94	0.91625
1701	0.94	0.9375
1702	0.9	0.9525
1703	0.92	0.93
1704	0.98	0.9275
1705	0.98	0.89625
1706	0.94	0.91125
1707	0.94	0.92375
1708	0.94	0.93
1709	0.98	0.9175
1710	1	0.92125
1711	0.92	0.92875
1712	0.92	0.9175
1713	0.9	0.9125
1714	0.82	0.9175
1715	0.94	0.895
1716	0.94	0.88375
1717	0.96	0.91625
1718	0.96	0.8975
1719	0.98	0.91625
1720	0.9	0.90375
1721	0.94	0.8975
1722	0.98	0.9175
1723	1	0.92125
1724	1	0.93125
1725	0.98	0.9475
1726	0.88	0.9475
1727	0.86	0.95
1728	0.96	0.93625
1729	0.92	0.9325
1730	0.96	0.9225
1731	0.92	0.9325
1732	0.98	0.9275
1733	0.98	0.93125
1734	0.94	0.9225
1735	0.96	0.90875
1736	0.94	0.93375
1737	0.92	0.93875
1738	0.88	0.9425
1739	0.9	0.9325
1740	0.9	0.92625
1741	0.9	0.9425
1742	0.92	0.94625
1743	0.9	0.9375
1744	0.92	0.94
1745	0.82	0.93625
1746	0.9	0.925
1747	0.88	0.92625
1748	0.9	0.92375
1749	0.9	0.9275
1750	0.94	0.91625
1751	0.92	0.8975
1752	0.9	0.905
1753	0.86	0.91875
1754	0.92	0.9125
1755	0.9	0.91625
1756	0.76	0.93375
1757	0.66	0.93875
1758	0.78	0.93625
1759	0.66	0.93875
1760	0.76	0.92
1761	0.82	0.95125
1762	0.8	0.95375
1763	0.86	0.9425
1764	0.82	0.95
1765	0.76	0.945
1766	0.74	0.9325
1767	0.82	0.91875
1768	0.8	0.92875
1769	0.68	0.92875
1770	0.8	0.93
1771	0.78	0.93375
1772	0.9	0.9275
1773	0.9	0.9325
1774	0.92	0.93375
1775	0.96	0.93625
1776	0.96	0.9075
1777	0.96	0.92625
1778	1	0.93125
1779	1	0.91875
1780	1	0.92875
1781	0.98	0.92
1782	0.98	0.93
1783	1	0.90625
1784	0.96	0.89125
1785	0.96	0.8775
1786	0.98	0.91125
1787	0.96	0.90375
1788	0.92	0.90625
1789	0.96	0.9025
1790	0.98	0.90125
1791	0.98	0.8925
1792	0.94	0.915
1793	0.9	0.91125
1794	0.9	0.91875
1795	0.92	0.9075
1796	0.92	0.905
1797	0.96	0.91875
1798	0.82	0.91125
1799	0.9	0.925
1800	0.9	0.9325
1801	0.88	0.92125
1802	0.96	0.92
1803	0.94	0.9225
1804	0.96	0.92875
1805	0.94	0.9375
1806	0.96	0.9175
1807	0.96	0.92375
1808	0.96	0.91875
1809	0.92	0.93
1810	0.94	0.92
1811	0.94	0.935
1812	0.96	0.91375
1813	0.94	0.9225
1814	0.88	0.925
1815	0.9	0.93375
1816	0.92	0.93625
1817	0.92	0.91875
1818	0.88	0.91875
1819	0.9	0.9225
1820	0.92	0.90375
1821	0.98	0.89625
1822	0.98	0.91375
1823	0.96	0.91875
1824	0.98	0.90875
1825	0.98	0.9
1826	0.98	0.88625
1827	0.9	0.89125
1828	0.92	0.90875
1829	0.94	0.93
1830	0.98	0.9175
1831	0.96	0.93125
1832	0.98	0.9225
1833	1	0.9375
1834	1	0.94375
1835	0.98	0.94125
1836	0.96	0.93875
1837	0.96	0.93625
1838	0.86	0.91375
1839	0.86	0.9125
1840	0.9	0.91125
1841	0.84	0.90875
1842	0.82	0.9225
1843	0.98	0.9025
1844	0.96	0.88375
1845	0.92	0.89
1846	0.86	0.90375
1847	0.96	0.91375
1848	0.9	0.92625
1849	0.94	0.925
1850	0.96	0.9475
1851	0.92	0.94625
1852	0.98	0.94375
1853	0.98	0.94625
1854	0.92	0.94875
1855	0.92	0.93
1856	0.96	0.90625
1857	1	0.89625
1858	0.96	0.8975
1859	0.98	0.90375
1860	0.98	0.86875
1861	0.94	0.8725
1862	0.9	0.88
1863	0.9	0.90125
1864	0.88	0.9125
1865	0.94	0.8975
1866	0.98	0.905
1867	0.9	0.90375
1868	0.88	0.91875
1869	0.94	0.92
1870	1	0.91375
1871	0.98	0.915
1872	0.88	0.885
1873	0.88	0.87625
1874	0.9	0.885
1875	0.92	0.87625
1876	0.88	0.8925
1877	0.9	0.9125
1878	0.9	0.90625
1879	0.86	0.88
1880	0.98	0.8975
1881	0.94	0.91125
1882	0.96	0.91125
1883	0.94	0.905
1884	0.9	0.9325
1885	0.94	0.9325
1886	0.84	0.90625
1887	0.88	0.89625
1888	0.86	0.87625
1889	0.82	0.885
1890	0.92	0.88625
1891	1	0.9
1892	1	0.8825
1893	1	0.88625
1894	0.98	0.88625
1895	1	0.9
1896	1	0.89625
1897	1	0.89875
1898	0.98	0.915
1899	1	0.9
1900	1	0.89375
1901	1	0.90375
1902	1	0.91625
1903	0.96	0.92875
1904	0.94	0.935
1905	0.96	0.93
1906	0.98	0.89625
1907	0.96	0.90375
1908	0.94	0.915
1909	0.92	0.925
1910	0.94	0.915
1911	0.96	0.91
1912	0.94	0.925
1913	0.82	0.93875
1914	0.86	0.9275
1915	0.84	0.9125
1916	0.88	0.91
1917	0.98	0.9275
1918	1	0.91375
1919	1	0.9125
1920	0.96	0.8875
1921	0.94	0.8875
1922	0.98	0.91875
1923	0.96	0.91875
1924	0.88	0.90125
1925	0.92	0.885
1926	1	0.88875
1927	0.96	0.885
1928	0.9	0.91125
1929	0.94	0.93375
1930	0.9	0.93
1931	0.94	0.91625
1932	0.92	0.9225
1933	0.82	0.9225
1934	0.82	0.9
1935	0.88	0.89125
1936	0.78	0.8975
1937	0.84	0.90125
1938	0.78	0.9025
1939	0.82	0.91375
1940	0.82	0.91125
1941	0.78	0.91
1942	0.78	0.91375
1943	0.84	0.92375
1944	0.84	0.925
1945	0.92	0.94875
1946	0.94	0.94125
1947	0.92	0.94375
1948	0.94	0.945
1949	0.92	0.925
1950	0.92	0.9175
1951	0.92	0.90125
1952	1	0.91625
1953	1	0.94125
1954	0.96	0.935
1955	0.92	0.93125
1956	0.94	0.92875
1957	0.92	0.9225
1958	0.92	0.90875
1959	0.9	0.9075
1960	0.92	0.91875
1961	0.92	0.9125
1962	0.96	0.92
1963	0.94	0.9025
1964	0.98	0.88
1965	1	0.885
1966	0.98	0.87875
1967	1	0.87875
1968	0.96	0.89125
1969	0.96	0.8875
1970	0.92	0.87875
1971	0.94	0.9
1972	0.88	0.9025
1973	0.96	0.9125
1974	0.98	0.91375
1975	1	0.915
1976	0.96	0.89375
1977	0.94	0.895
1978	0.98	0.8925
1979	0.98	0.89625
1980	0.96	0.9125
1981	0.98	0.92625
1982	0.98	0.92125
1983	0.96	0.90625
1984	0.96	0.9325
1985	0.98	0.93625
1986	0.96	0.93125
1987	0.88	0.9075
1988	0.96	0.9025
1989	0.96	0.89625
1990	0.98	0.905
1991	0.96	0.92
1992	0.8	0.9075
1993	0.88	0.9225
1994	0.92	0.91625
1995	1	0.90875
1996	0.92	0.905
1997	0.88	0.9025
1998	0.94	0.8825
1999	0.96	0.88375
