#t	|m1|	|m2|
0	0.9256	0.9742
1	0.88	0.9528
2	0.8444	0.9484
3	0.8062	0.9434
4	0.7876	0.937
5	0.7604	0.9216
6	0.7504	0.9242
7	0.75	0.9224
8	0.7436	0.9282
9	0.7232	0.9216
10	0.7068	0.9154
11	0.6838	0.9172
12	0.6906	0.9238
13	0.6832	0.9276
14	0.6762	0.9324
15	0.6714	0.9326
16	0.6528	0.9256
17	0.6424	0.9164
18	0.6392	0.9192
19	0.635	0.9224
20	0.6222	0.921
21	0.6122	0.9204
22	0.6006	0.9132
23	0.593	0.9112
24	0.574	0.9146
25	0.554	0.9154
26	0.5514	0.918
27	0.5452	0.9144
28	0.5288	0.9008
29	0.5258	0.8968
30	0.5108	0.9124
31	0.5148	0.9092
32	0.502	0.916
33	0.5138	0.9134
34	0.478	0.9118
35	0.4798	0.9112
36	0.4862	0.9102
37	0.4798	0.9134
38	0.4932	0.9018
39	0.4984	0.8974
40	0.4958	0.8918
41	0.494	0.8942
42	0.4822	0.8924
43	0.467	0.891
44	0.452	0.898
45	0.452	0.8982
46	0.4602	0.8926
47	0.464	0.8934
48	0.4532	0.9022
49	0.4222	0.8934
50	0.4088	0.896
51	0.411	0.8988
52	0.409	0.9058
53	0.4068	0.897
54	0.3908	0.898
55	0.3878	0.9046
56	0.3836	0.9044
57	0.3816	0.9018
58	0.3788	0.8998
59	0.376	0.9072
60	0.3676	0.909
61	0.3724	0.9086
62	0.3778	0.91
63	0.3592	0.9074
64	0.3606	0.9038
65	0.3542	0.8992
66	0.3576	0.895
67	0.373	0.894
68	0.3652	0.8884
69	0.3652	0.8892
70	0.356	0.8944
71	0.3464	0.8908
72	0.3516	0.8978
73	0.3582	0.8928
74	0.3504	0.8892
75	0.3546	0.8858
76	0.3392	0.897
77	0.3468	0.9006
78	0.3614	0.9038
79	0.3446	0.9048
80	0.3368	0.907
81	0.3344	0.9104
82	0.3166	0.9094
83	0.3298	0.9104
84	0.3186	0.9104
85	0.3182	0.9048
86	0.3144	0.895
87	0.3232	0.9028
88	0.3378	0.9066
89	0.3378	0.9076
90	0.3424	0.911
91	0.334	0.9138
92	0.3332	0.9182
93	0.3214	0.9172
94	0.3328	0.917
95	0.3138	0.9184
96	0.3212	0.9132
97	0.2996	0.9138
98	0.3152	0.9122
99	0.317	0.9074
100	0.3158	0.9048
101	0.2988	0.9028
102	0.2936	0.8982
103	0.2862	0.893
104	0.2838	0.8936
105	0.2998	0.8996
106	0.293	0.902
107	0.2794	0.9034
108	0.2882	0.9038
109	0.282	0.907
110	0.2854	0.9158
111	0.3054	0.909
112	0.3048	0.9064
113	0.3094	0.8972
114	0.317	0.8984
115	0.3038	0.899
116	0.284	0.9004
117	0.2874	0.8986
118	0.2808	0.9018
119	0.2806	0.903
120	0.291	0.9118
121	0.3	0.9116
122	0.3056	0.913
123	0.301	0.9146
124	0.3022	0.9214
125	0.2998	0.9118
126	0.2996	0.9122
127	0.3082	0.9144
128	0.3046	0.9076
129	0.2858	0.9132
130	0.2728	0.9158
131	0.2622	0.9128
132	0.2534	0.9156
133	0.25	0.9186
134	0.2546	0.9154
135	0.2346	0.9198
136	0.237	0.9156
137	0.2446	0.9174
138	0.2338	0.9116
139	0.2346	0.9054
140	0.2168	0.9112
141	0.2102	0.9108
142	0.2116	0.922
143	0.2154	0.92
144	0.1794	0.9204
145	0.1718	0.9204
146	0.1902	0.9144
147	0.1838	0.926
148	0.1912	0.926
149	0.1922	0.9186
150	0.21	0.9242
151	0.2076	0.9236
152	0.1892	0.9266
153	0.1944	0.9252
154	0.1712	0.9226
155	0.166	0.9214
156	0.1646	0.9154
157	0.1672	0.917
158	0.1622	0.9144
159	0.1664	0.9186
160	0.1572	0.9132
161	0.1576	0.9108
162	0.1522	0.9074
163	0.1472	0.9072
164	0.1422	0.901
165	0.158	0.901
166	0.155	0.9036
167	0.1608	0.9096
168	0.1722	0.9178
169	0.1694	0.911
170	0.1482	0.909
171	0.1316	0.9188
172	0.1244	0.9138
173	0.1304	0.9176
174	0.1078	0.9088
175	0.1088	0.9078
176	0.1086	0.9096
177	0.0982	0.914
178	0.0874	0.9114
179	0.0864	0.914
180	0.105	0.9114
181	0.1106	0.9194
182	0.0938	0.9206
183	0.093	0.9228
184	0.0892	0.9204
185	0.0984	0.9126
186	0.0784	0.9176
187	0.073	0.9178
188	0.0756	0.9176
189	0.0764	0.9178
190	0.086	0.9152
191	0.086	0.911
192	0.0918	0.9166
193	0.1	0.9128
194	0.094	0.915
195	0.0746	0.9194
196	0.1044	0.9176
197	0.0994	0.9184
198	0.1012	0.9086
199	0.0994	0.9092
200	0.071	0.9054
201	0.072	0.9026
202	0.056	0.9116
203	0.0466	0.9074
204	0.036	0.9032
205	0.0334	0.9032
206	0.0218	0.904
207	0.0246	0.9114
208	0.026	0.9096
209	0.0486	0.9202
210	0.0596	0.9158
211	0.0538	0.9188
212	0.0382	0.9136
213	0.0614	0.9182
214	0.068	0.9138
215	0.0828	0.9214
216	0.0836	0.9192
217	0.0858	0.908
218	0.0738	0.913
219	0.0726	0.9122
220	0.0782	0.9152
221	0.0956	0.908
222	0.093	0.9114
223	0.0938	0.9088
224	0.0988	0.912
225	0.1226	0.9116
226	0.127	0.915
227	0.1246	0.913
228	0.1152	0.9098
229	0.1168	0.9144
230	0.0966	0.9068
231	0.0928	0.9102
232	0.1116	0.9094
233	0.114	0.9056
234	0.12	0.9038
235	0.1288	0.9046
236	0.118	0.9028
237	0.113	0.9032
238	0.1126	0.903
239	0.1132	0.8986
240	0.0974	0.8946
241	0.0998	0.9026
242	0.1092	0.9046
243	0.1026	0.9068
244	0.095	0.8994
245	0.0904	0.8978
246	0.117	0.9002
247	0.1118	0.9036
248	0.114	0.902
249	0.1196	0.8912
250	0.1406	0.9078
251	0.1612	0.9072
252	0.1686	0.916
253	0.1716	0.9212
254	0.1792	0.9216
255	0.179	0.9218
256	0.1832	0.9326
257	0.1692	0.936
258	0.1586	0.9324
259	0.1438	0.927
260	0.1302	0.9246
261	0.115	0.9244
262	0.1106	0.924
263	0.1092	0.9204
264	0.1038	0.9204
265	0.0948	0.9196
266	0.096	0.9198
267	0.09	0.9174
268	0.0874	0.9124
269	0.0806	0.9146
270	0.086	0.9148
271	0.082	0.9086
272	0.0854	0.9112
273	0.0668	0.9154
274	0.059	0.917
275	0.0486	0.9196
276	0.0352	0.9234
277	0.0366	0.9268
278	0.0542	0.9304
279	0.0544	0.9286
280	0.0308	0.9172
281	0.0274	0.9208
282	0.0194	0.9222
283	0.0038	0.9166
284	0.004	0.9132
285	0.0068	0.9016
286	0.021	0.8966
287	0.0188	0.899
288	0.0146	0.9026
289	0.0012	0.8986
290	0.0068	0.901
291	0.004	0.902
292	0.0014	0.8974
293	0.0182	0.8934
294	0.0076	0.9012
295	0.021	0.9038
296	0.0224	0.9132
297	0.004	0.9188
298	0.011	0.9186
299	0.0238	0.9096
300	0.011	0.911
301	0.0036	0.9078
302	0.0114	0.9128
303	0.0128	0.917
304	0.0144	0.9086
305	0.038	0.9106
306	0.0284	0.91
307	0.013	0.9
308	0.0198	0.901
309	0.011	0.9028
310	0.0074	0.9074
311	0.0058	0.9122
312	0.0118	0.9014
313	0.005	0.9024
314	0.0066	0.9088
315	0.0024	0.9108
316	0.0056	0.9088
317	0.001	0.9068
318	0.0148	0.9058
319	0.0052	0.9034
320	0.012	0.904
321	0.0082	0.9026
322	0.0158	0.9098
323	0.0192	0.9106
324	0.0206	0.9026
325	0.0018	0.9088
326	0.0058	0.9006
327	0.023	0.893
328	0.0106	0.9016
329	0.0446	0.9044
330	0.0326	0.9026
331	0.0366	0.902
332	0.0528	0.8978
333	0.0456	0.901
334	0.0446	0.9052
335	0.032	0.8974
336	0.0212	0.8994
337	0.0252	0.9034
338	0.0274	0.9082
339	0.0498	0.9078
340	0.0468	0.8968
341	0.0426	0.8954
342	0.029	0.9002
343	0.0126	0.9048
344	0.0072	0.9028
345	0.0062	0.9
346	0.008	0.9022
347	0	0.8976
348	0.0062	0.898
349	0.0052	0.9106
350	0.015	0.9112
351	0.0078	0.9122
352	0.0136	0.9048
353	0.0098	0.9054
354	0.0008	0.909
355	0.0088	0.9162
356	0.002	0.9184
357	0.018	0.9146
358	0.029	0.907
359	0.0354	0.8958
360	0.0344	0.8968
361	0.0224	0.9068
362	0.0198	0.919
363	0.0256	0.917
364	0.0272	0.9184
365	0.0338	0.9198
366	0.0306	0.9164
367	0.022	0.9208
368	0.0378	0.9256
369	0.02	0.9244
370	0.0296	0.9186
371	0.0326	0.9216
372	0.03	0.9194
373	0.0226	0.9268
374	0.039	0.9208
375	0.0552	0.9168
376	0.0634	0.9128
377	0.0772	0.9098
378	0.0524	0.9054
379	0.0372	0.9116
380	0.0144	0.9036
381	0.013	0.9072
382	0.0074	0.9096
383	0.0054	0.9112
384	0.0158	0.8908
385	0.0324	0.8932
386	0.0316	0.8952
387	0.032	0.8992
388	0.0452	0.901
389	0.0598	0.904
390	0.069	0.8996
391	0.0562	0.8994
392	0.0468	0.8926
393	0.0552	0.89
394	0.0622	0.8874
395	0.0606	0.8872
396	0.046	0.8854
397	0.042	0.8902
398	0.0486	0.894
399	0.0608	0.8928
400	0.061	0.9076
401	0.0672	0.9046
402	0.051	0.907
403	0.0394	0.9048
404	0.027	0.9048
405	0.0266	0.9006
406	0.0176	0.907
407	0.0086	0.9012
408	0.007	0.894
409	0.0092	0.8948
410	0.0052	0.9008
411	0.0032	0.905
412	0.0086	0.9116
413	0.0058	0.9052
414	0.0116	0.9024
415	0.0284	0.9036
416	0.0378	0.8998
417	0.0352	0.8942
418	0.0316	0.901
419	0.0232	0.9114
420	0.025	0.9042
421	0.0282	0.8936
422	0.0178	0.8998
423	0.0268	0.8986
424	0.0362	0.9074
425	0.0314	0.9062
426	0.0372	0.905
427	0.0522	0.9052
428	0.0432	0.9072
429	0.0482	0.9064
430	0.0528	0.9084
431	0.0354	0.9078
432	0.0128	0.911
433	0.0108	0.9148
434	0.0066	0.9076
435	0.0146	0.9096
436	0.0176	0.9084
437	0.0032	0.9056
438	0.0088	0.9022
439	0.018	0.9088
440	0.014	0.9068
441	0.0178	0.9118
442	0.0232	0.9134
443	0.0094	0.9148
444	0.024	0.9078
445	0.0214	0.8974
446	0.0404	0.9032
447	0.0312	0.9168
448	0.0104	0.9226
449	0.0302	0.92
450	0.0358	0.9242
451	0.0408	0.9148
452	0.06	0.92
453	0.0454	0.9132
454	0.0442	0.9068
455	0.0394	0.911
456	0.034	0.903
457	0.0444	0.9112
458	0.0404	0.913
459	0.0302	0.916
460	0.027	0.9174
461	0.041	0.9174
462	0.0404	0.9166
463	0.061	0.9118
464	0.0768	0.9196
465	0.0862	0.9256
466	0.0916	0.9284
467	0.1092	0.925
468	0.0914	0.9216
469	0.0778	0.9314
470	0.0786	0.9276
471	0.071	0.9298
472	0.0558	0.9284
473	0.0442	0.9268
474	0.0492	0.9194
475	0.0584	0.9072
476	0.069	0.9128
477	0.0778	0.9024
478	0.0806	0.905
479	0.0632	0.9068
480	0.0674	0.9168
481	0.0704	0.915
482	0.0708	0.918
483	0.0664	0.913
484	0.0686	0.909
485	0.0658	0.9112
486	0.0896	0.9048
487	0.0914	0.9032
488	0.086	0.9022
489	0.1016	0.9072
490	0.0986	0.915
491	0.1002	0.9136
492	0.0948	0.9134
493	0.1046	0.9122
494	0.103	0.9212
495	0.0944	0.92
496	0.1042	0.9168
497	0.1034	0.9202
498	0.0896	0.9152
499	0.0958	0.9124
500	0.1112	0.912
501	0.1088	0.9042
502	0.1194	0.8948
503	0.133	0.8934
504	0.1432	0.8952
505	0.16	0.9008
506	0.1538	0.906
507	0.151	0.904
508	0.148	0.9052
509	0.1482	0.9092
510	0.1382	0.9176
511	0.145	0.9172
512	0.1452	0.9214
513	0.1422	0.914
514	0.1374	0.9168
515	0.1584	0.9112
516	0.1462	0.9108
517	0.1388	0.909
518	0.162	0.9114
519	0.1628	0.9062
520	0.1592	0.91
521	0.1508	0.9206
522	0.1488	0.9176
523	0.1514	0.9208
524	0.1476	0.9222
525	0.1388	0.9158
526	0.1396	0.9122
527	0.1576	0.9242
528	0.1532	0.9254
529	0.1446	0.9188
530	0.1296	0.9148
531	0.14	0.9158
532	0.1426	0.9214
533	0.1446	0.9182
534	0.1314	0.919
535	0.1326	0.919
536	0.1134	0.9222
537	0.1166	0.9204
538	0.1116	0.9254
539	0.1052	0.9186
540	0.0942	0.9144
541	0.074	0.9152
542	0.0486	0.9158
543	0.0548	0.9126
544	0.0554	0.9066
545	0.0534	0.9028
546	0.0632	0.9028
547	0.0664	0.905
548	0.0858	0.9068
549	0.0972	0.9004
550	0.1	0.895
551	0.1074	0.8994
552	0.0912	0.9
553	0.1106	0.9056
554	0.1082	0.9138
555	0.119	0.9104
556	0.0926	0.9132
557	0.1058	0.9126
558	0.0976	0.915
559	0.0794	0.9218
560	0.093	0.9224
561	0.0814	0.9306
562	0.0806	0.9264
563	0.0956	0.9226
564	0.1092	0.9166
565	0.1206	0.909
566	0.1236	0.9056
567	0.1168	0.9092
568	0.1278	0.907
569	0.1226	0.9074
570	0.1186	0.9082
571	0.1454	0.9038
572	0.146	0.9056
573	0.1324	0.9024
574	0.1208	0.9106
575	0.1242	0.9136
576	0.1294	0.9188
577	0.1256	0.9136
578	0.1276	0.9138
579	0.1204	0.9114
580	0.1278	0.91
581	0.121	0.9054
582	0.12	0.9064
583	0.0982	0.915
584	0.1156	0.9108
585	0.126	0.9094
586	0.1338	0.9068
587	0.144	0.907
588	0.1542	0.904
589	0.152	0.8986
590	0.1494	0.8936
591	0.1364	0.9044
592	0.132	0.9152
593	0.1282	0.9102
594	0.1086	0.916
595	0.1232	0.906
596	0.1296	0.9076
597	0.1388	0.904
598	0.136	0.9156
599	0.1254	0.9128
600	0.1236	0.9088
601	0.1262	0.9066
602	0.1328	0.9134
603	0.1414	0.9112
604	0.1406	0.9182
605	0.14	0.9032
606	0.1386	0.913
607	0.1504	0.917
608	0.1548	0.9134
609	0.1744	0.9124
610	0.1734	0.9116
611	0.161	0.9168
612	0.1674	0.917
613	0.152	0.9102
614	0.1368	0.9114
615	0.141	0.906
616	0.1368	0.9074
617	0.1206	0.9144
618	0.1186	0.91
619	0.0954	0.9012
620	0.1008	0.8958
621	0.0944	0.897
622	0.095	0.8988
623	0.1002	0.909
624	0.1236	0.9098
625	0.1182	0.9122
626	0.12	0.9038
627	0.1256	0.9092
628	0.1294	0.909
629	0.1302	0.899
630	0.1248	0.9024
631	0.106	0.9066
632	0.1146	0.9044
633	0.1194	0.9062
634	0.1198	0.9096
635	0.1224	0.9076
636	0.0938	0.9108
637	0.0998	0.9084
638	0.115	0.9204
639	0.1122	0.9176
640	0.1034	0.9168
641	0.1102	0.9206
642	0.1134	0.9128
643	0.099	0.9178
644	0.0994	0.9196
645	0.0976	0.9244
646	0.1082	0.912
647	0.1042	0.9126
648	0.1072	0.9082
649	0.1122	0.9048
650	0.1006	0.9032
651	0.083	0.9026
652	0.1054	0.9014
653	0.0834	0.8992
654	0.0866	0.8972
655	0.0882	0.8964
656	0.0786	0.9014
657	0.0976	0.905
658	0.091	0.9184
659	0.0644	0.9158
660	0.0892	0.9158
661	0.088	0.914
662	0.069	0.9118
663	0.0514	0.9124
664	0.0552	0.9008
665	0.0544	0.9048
666	0.063	0.8998
667	0.061	0.9012
668	0.0626	0.9028
669	0.058	0.9048
670	0.0708	0.9072
671	0.0802	0.9024
672	0.0866	0.9078
673	0.0708	0.9106
674	0.0524	0.9038
675	0.0652	0.9152
676	0.084	0.9106
677	0.098	0.9102
678	0.1006	0.912
679	0.1154	0.9148
680	0.107	0.9192
681	0.1056	0.9166
682	0.0872	0.9012
683	0.0956	0.9046
684	0.0802	0.9052
685	0.0768	0.9132
686	0.0764	0.913
687	0.078	0.914
688	0.0636	0.9142
689	0.0542	0.9094
690	0.0376	0.9044
691	0.0392	0.8934
692	0.0362	0.8886
693	0.0416	0.8906
694	0.0362	0.8994
695	0.0462	0.898
696	0.025	0.9
697	0.0174	0.8946
698	0.0128	0.9
699	0.0182	0.8974
700	0.0014	0.8928
701	0.0068	0.9074
702	0.008	0.9104
703	0.0078	0.909
704	0.0018	0.9098
705	0.0024	0.906
706	0.0118	0.9086
707	0.0156	0.9038
708	0.0242	0.9022
709	0.0286	0.9034
710	0.0392	0.9052
711	0.0576	0.8992
712	0.04	0.907
713	0.0608	0.9102
714	0.0452	0.9064
715	0.0344	0.9004
716	0.0274	0.9056
717	0.0274	0.9088
718	0.0318	0.9082
719	0.0202	0.9054
720	0.0256	0.9076
721	0.0372	0.9112
722	0.0406	0.904
723	0.0308	0.9008
724	0.0358	0.9064
725	0.0286	0.901
726	0.035	0.9012
727	0.0486	0.9004
728	0.0448	0.9002
729	0.0364	0.905
730	0.0482	0.906
731	0.0586	0.9006
732	0.0786	0.8936
733	0.06	0.9024
734	0.0646	0.8942
735	0.0504	0.8984
736	0.0394	0.898
737	0.0396	0.8944
738	0.0408	0.8962
739	0.0392	0.8984
740	0.0268	0.9018
741	0.0108	0.9084
742	0.012	0.9106
743	0.017	0.916
744	0.0026	0.9112
745	0.0022	0.909
746	0.0036	0.9084
747	0.0008	0.9142
748	0.0058	0.9148
749	0.0314	0.92
750	0.0288	0.9124
751	0.0396	0.9092
752	0.042	0.912
753	0.0624	0.9046
754	0.0624	0.9024
755	0.0628	0.9076
756	0.077	0.9048
757	0.0654	0.8992
758	0.0672	0.8948
759	0.0774	0.8962
760	0.0866	0.899
761	0.085	0.9024
762	0.0814	0.8996
763	0.085	0.9022
764	0.1074	0.9052
765	0.0976	0.9036
766	0.1076	0.9064
767	0.11	0.9102
768	0.1116	0.9066
769	0.0978	0.91
770	0.1066	0.9116
771	0.106	0.913
772	0.1002	0.9122
773	0.0914	0.9146
774	0.0968	0.9154
775	0.1072	0.9088
776	0.101	0.9042
777	0.1072	0.9042
778	0.0958	0.9032
779	0.092	0.8996
780	0.0908	0.8976
781	0.0974	0.9012
782	0.1146	0.903
783	0.1014	0.9084
784	0.1196	0.9104
785	0.1312	0.907
786	0.1138	0.9118
787	0.1124	0.9064
788	0.1144	0.8998
789	0.0936	0.9082
790	0.0988	0.9042
791	0.0844	0.9074
792	0.091	0.902
793	0.094	0.9034
794	0.0958	0.903
795	0.0754	0.8996
796	0.0842	0.903
797	0.069	0.9084
798	0.0508	0.91
799	0.045	0.9066
800	0.0266	0.9056
801	0.0218	0.9094
802	0.0098	0.9118
803	0.0116	0.9074
804	0.0118	0.9036
805	0.0018	0.9038
806	0.0064	0.9018
807	0.0118	0.912
808	0.0292	0.9182
809	0.0274	0.9082
810	0.0354	0.9032
811	0.0402	0.9036
812	0.0202	0.9076
813	0.0166	0.9126
814	0.0144	0.9268
815	0.0204	0.9194
816	0.0218	0.9252
817	0.0064	0.914
818	0.0184	0.921
819	0.0284	0.9192
820	0.0326	0.9252
821	0.0334	0.932
822	0.023	0.9304
823	0.0092	0.9208
824	0.0076	0.921
825	0.0156	0.9108
826	0.025	0.9056
827	0.015	0.9028
828	0.0028	0.9148
829	0.0064	0.9166
830	0.0192	0.9056
831	0.015	0.9024
832	0.0072	0.906
833	0.003	0.8976
834	0.0002	0.9062
835	0.006	0.9034
836	0.0024	0.9026
837	0.0038	0.903
838	0.0164	0.9086
839	0.012	0.9104
840	0.0058	0.9026
841	0.0058	0.9032
842	0.0014	0.9008
843	0.0122	0.9062
844	0	0.9098
845	0.0038	0.9134
846	0.0026	0.9126
847	0.0018	0.914
848	0.0142	0.9106
849	0.0242	0.9166
850	0.021	0.9182
851	0.035	0.9216
852	0.0514	0.9136
853	0.0452	0.9206
854	0.0314	0.9274
855	0.03	0.9288
856	0.0244	0.929
857	0.035	0.9212
858	0.0184	0.9166
859	0.0182	0.9184
860	0.0276	0.9152
861	0.0392	0.9172
862	0.0358	0.92
863	0.0506	0.9218
864	0.0504	0.9278
865	0.0588	0.921
866	0.06	0.9056
867	0.0544	0.9128
868	0.0694	0.9052
869	0.0654	0.905
870	0.0698	0.9034
871	0.0392	0.9172
872	0.0642	0.912
873	0.062	0.9128
874	0.0572	0.9032
875	0.0772	0.9044
876	0.0904	0.9026
877	0.0822	0.913
878	0.0554	0.913
879	0.065	0.9098
880	0.0578	0.911
881	0.0558	0.8994
882	0.0582	0.8952
883	0.0552	0.8992
884	0.0742	0.8922
885	0.0748	0.8892
886	0.059	0.8936
887	0.0756	0.8914
888	0.0942	0.8996
889	0.1024	0.902
890	0.0988	0.911
891	0.086	0.9206
892	0.087	0.9178
893	0.0838	0.9258
894	0.078	0.9334
895	0.0742	0.932
896	0.0748	0.9258
897	0.0776	0.931
898	0.0772	0.9282
899	0.0728	0.927
900	0.076	0.9302
901	0.0778	0.9256
902	0.0726	0.9324
903	0.0712	0.9232
904	0.0752	0.9232
905	0.0792	0.9236
906	0.0586	0.92
907	0.0746	0.9244
908	0.0632	0.9264
909	0.0704	0.9198
910	0.0744	0.9194
911	0.0718	0.9244
912	0.0778	0.9204
913	0.0986	0.9112
914	0.0914	0.9068
915	0.0846	0.9094
916	0.0812	0.9074
917	0.0762	0.9116
918	0.0672	0.9108
919	0.0722	0.9092
920	0.0736	0.9042
921	0.0726	0.9036
922	0.067	0.9136
923	0.0664	0.9058
924	0.0834	0.9088
925	0.101	0.9096
926	0.0954	0.9058
927	0.0914	0.9086
928	0.0824	0.911
929	0.0906	0.9112
930	0.0746	0.9162
931	0.0782	0.9188
932	0.0764	0.9134
933	0.0594	0.9208
934	0.0544	0.9166
935	0.0542	0.9244
936	0.038	0.9128
937	0.0452	0.9034
938	0.0436	0.9078
939	0.0446	0.9066
940	0.0442	0.911
941	0.0366	0.9166
942	0.0486	0.9216
943	0.037	0.9238
944	0.025	0.9306
945	0.0174	0.9186
946	0.007	0.9154
947	0.0136	0.9094
948	0.027	0.9108
949	0.0062	0.91
950	0.0014	0.9132
951	0.0092	0.9136
952	0	0.9128
953	0.0012	0.9134
954	0.0096	0.9124
955	0.0102	0.9122
956	0.008	0.9166
957	0.0058	0.9154
958	0.0136	0.9124
959	0.0028	0.9174
960	0.0114	0.916
961	0.0012	0.909
962	0.0054	0.9088
963	0.0182	0.9092
964	0.0402	0.9098
965	0.0418	0.9112
966	0.0284	0.9058
967	0.0398	0.9164
968	0.0354	0.9124
969	0.0332	0.9124
970	0.0098	0.9156
971	0.0036	0.918
972	0	0.9284
973	0.0002	0.9242
974	0.0062	0.9276
975	0.015	0.9202
976	0.0026	0.9156
977	0.0118	0.9162
978	0.011	0.9272
979	0.0194	0.923
980	0.0308	0.9216
981	0.0184	0.9114
982	0.0108	0.9102
983	0.0308	0.9018
984	0.032	0.9034
985	0.0236	0.909
986	0.0368	0.9166
987	0.035	0.9134
988	0.0246	0.9172
989	0.0338	0.909
990	0.0292	0.9074
991	0.0348	0.9054
992	0.0436	0.9148
993	0.021	0.9084
994	0.0396	0.9206
995	0.0462	0.9166
996	0.038	0.9146
997	0.0464	0.9162
998	0.0474	0.9116
999	0.0442	0.9154
1000	0.0488	0.913
1001	0.0566	0.914
1002	0.0546	0.9114
1003	0.051	0.9096
1004	0.0668	0.9068
1005	0.0648	0.9112
1006	0.0874	0.917
1007	0.0646	0.9114
1008	0.0666	0.9152
1009	0.081	0.9178
1010	0.0904	0.9132
1011	0.0954	0.9154
1012	0.092	0.9088
1013	0.106	0.9078
1014	0.1148	0.9012
1015	0.1218	0.9008
1016	0.1056	0.9036
1017	0.0844	0.8972
1018	0.085	0.904
1019	0.0696	0.9072
1020	0.0732	0.9118
1021	0.073	0.92
1022	0.0774	0.917
1023	0.0724	0.9146
1024	0.0764	0.9186
1025	0.0944	0.92
1026	0.0966	0.9208
1027	0.0908	0.9134
1028	0.0828	0.9128
1029	0.0886	0.9132
1030	0.0798	0.908
1031	0.0712	0.9042
1032	0.06	0.9098
1033	0.0638	0.918
1034	0.0598	0.9266
1035	0.0738	0.9218
1036	0.0938	0.9116
1037	0.1288	0.9112
1038	0.1292	0.9128
1039	0.1162	0.914
1040	0.108	0.9076
1041	0.1148	0.903
1042	0.0998	0.8948
1043	0.0914	0.8986
1044	0.0904	0.9002
1045	0.0956	0.8998
1046	0.0888	0.902
1047	0.111	0.9094
1048	0.1102	0.9048
1049	0.1064	0.9108
1050	0.0906	0.9128
1051	0.0906	0.9038
1052	0.088	0.9084
1053	0.0672	0.9046
1054	0.0592	0.9036
1055	0.0468	0.9106
1056	0.0434	0.915
1057	0.0486	0.9138
1058	0.0596	0.9092
1059	0.063	0.8976
1060	0.0632	0.8872
1061	0.0736	0.8916
1062	0.076	0.8888
1063	0.0656	0.8964
1064	0.0518	0.8986
1065	0.0408	0.9006
1066	0.0522	0.9052
1067	0.0658	0.905
1068	0.0654	0.9012
1069	0.0748	0.9018
1070	0.0768	0.9144
1071	0.0656	0.9082
1072	0.0594	0.9138
1073	0.0414	0.9084
1074	0.0502	0.9118
1075	0.0558	0.9132
1076	0.0556	0.9242
1077	0.072	0.9176
1078	0.0588	0.9198
1079	0.0412	0.9228
1080	0.0178	0.923
1081	0.0222	0.926
1082	0.0438	0.931
1083	0.0692	0.9264
1084	0.0626	0.9188
1085	0.0662	0.9196
1086	0.0496	0.9142
1087	0.0566	0.9148
1088	0.0386	0.9086
1089	0.0384	0.9118
1090	0.0318	0.912
1091	0.0426	0.9104
1092	0.0468	0.9072
1093	0.0572	0.9058
1094	0.0658	0.8972
1095	0.0832	0.8962
1096	0.0846	0.9008
1097	0.0874	0.8958
1098	0.0866	0.903
1099	0.0862	0.9006
1100	0.0886	0.8978
1101	0.0796	0.9034
1102	0.0754	0.9008
1103	0.0674	0.8948
1104	0.0738	0.902
1105	0.0956	0.896
1106	0.0766	0.9004
1107	0.069	0.9002
1108	0.0688	0.9046
1109	0.0716	0.898
1110	0.0862	0.9086
1111	0.0946	0.9066
1112	0.0864	0.9118
1113	0.065	0.915
1114	0.0588	0.9158
1115	0.0422	0.9172
1116	0.0466	0.9242
1117	0.0404	0.918
1118	0.043	0.915
1119	0.0482	0.9168
1120	0.0586	0.912
1121	0.049	0.9184
1122	0.0684	0.918
1123	0.0646	0.9228
1124	0.0462	0.9136
1125	0.0292	0.9066
1126	0.032	0.905
1127	0.0338	0.9006
1128	0.0298	0.9038
1129	0.0332	0.9026
1130	0.0086	0.9164
1131	0.019	0.9228
1132	0.021	0.9152
1133	0.021	0.9154
1134	0.0168	0.917
1135	0.011	0.908
1136	0.0102	0.9006
1137	0.013	0.9058
1138	0.0266	0.9152
1139	0.015	0.9112
1140	0.009	0.9158
1141	0.0038	0.9154
1142	0.0052	0.9142
1143	0.0256	0.9152
1144	0.0242	0.9154
1145	0.048	0.9186
1146	0.0392	0.921
1147	0.0428	0.9284
1148	0.0536	0.9236
1149	0.0472	0.9274
1150	0.0502	0.917
1151	0.058	0.9124
1152	0.059	0.9116
1153	0.0472	0.92
1154	0.0792	0.9176
1155	0.0678	0.9132
1156	0.0626	0.9194
1157	0.0552	0.918
1158	0.0658	0.9142
1159	0.0466	0.9176
1160	0.0444	0.9174
1161	0.0614	0.9072
1162	0.0598	0.9098
1163	0.0568	0.9118
1164	0.0546	0.9076
1165	0.0596	0.9062
1166	0.083	0.9138
1167	0.0896	0.9152
1168	0.0938	0.9186
1169	0.0934	0.92
1170	0.0826	0.9152
1171	0.0868	0.9134
1172	0.0682	0.9136
1173	0.0706	0.9132
1174	0.0956	0.9104
1175	0.0784	0.9188
1176	0.0478	0.918
1177	0.0632	0.9214
1178	0.0548	0.9278
1179	0.0462	0.9258
1180	0.0302	0.9228
1181	0.0234	0.9224
1182	0.0142	0.9244
1183	0.008	0.9174
1184	0.0018	0.9168
1185	0.006	0.918
1186	0.0044	0.9194
1187	0.0142	0.9204
1188	0.0166	0.916
1189	0.028	0.9052
1190	0.0476	0.9064
1191	0.0616	0.9076
1192	0.0666	0.9144
1193	0.0706	0.9052
1194	0.0636	0.911
1195	0.0636	0.91
1196	0.0466	0.906
1197	0.0532	0.9062
1198	0.0634	0.8994
1199	0.0532	0.8996
1200	0.0518	0.897
1201	0.0446	0.8918
1202	0.0412	0.9002
1203	0.0476	0.9088
1204	0.0408	0.9104
1205	0.0356	0.9018
1206	0.0226	0.8976
1207	0.0228	0.894
1208	0.0126	0.901
1209	0.022	0.8998
1210	0.028	0.9148
1211	0.051	0.9164
1212	0.0638	0.9086
1213	0.0674	0.904
1214	0.0886	0.9028
1215	0.0832	0.8984
1216	0.0782	0.9056
1217	0.1036	0.894
1218	0.1022	0.8942
1219	0.1104	0.8896
1220	0.107	0.8946
1221	0.1066	0.8982
1222	0.0916	0.8986
1223	0.0912	0.8932
1224	0.0924	0.8938
1225	0.0794	0.888
1226	0.0732	0.889
1227	0.0612	0.892
1228	0.0652	0.89
1229	0.0638	0.8902
1230	0.056	0.8932
1231	0.0586	0.8894
1232	0.079	0.8944
1233	0.065	0.896
1234	0.0658	0.9006
1235	0.0508	0.903
1236	0.046	0.8988
1237	0.0278	0.8962
1238	0.0416	0.8934
1239	0.0308	0.9014
1240	0.03	0.8932
1241	0.009	0.902
1242	0.0326	0.9062
1243	0.0314	0.9104
1244	0.0116	0.8998
1245	0.0118	0.8994
1246	0	0.9042
1247	0.016	0.906
1248	0.0334	0.8994
1249	0.0476	0.8934
1250	0.0658	0.9008
1251	0.0538	0.9016
1252	0.0396	0.8984
1253	0.0524	0.8994
1254	0.0516	0.9072
1255	0.0458	0.9044
1256	0.0664	0.9098
1257	0.074	0.909
1258	0.0688	0.9074
1259	0.0644	0.9076
1260	0.0692	0.9082
1261	0.0694	0.9126
1262	0.0772	0.909
1263	0.0566	0.9008
1264	0.0678	0.9006
1265	0.088	0.901
1266	0.0848	0.9128
1267	0.0778	0.9098
1268	0.0848	0.9088
1269	0.0944	0.9202
1270	0.1112	0.9196
1271	0.0962	0.9064
1272	0.0898	0.9048
1273	0.095	0.9054
1274	0.079	0.9068
1275	0.0916	0.9182
1276	0.0994	0.9166
1277	0.115	0.9046
1278	0.1106	0.9092
1279	0.114	0.9126
1280	0.1068	0.9088
1281	0.1024	0.9112
1282	0.0936	0.9118
1283	0.1086	0.9076
1284	0.1104	0.9164
1285	0.1046	0.9072
1286	0.0958	0.9042
1287	0.1206	0.9064
1288	0.1346	0.9068
1289	0.1258	0.9012
1290	0.1206	0.9076
1291	0.113	0.901
1292	0.1212	0.8958
1293	0.1154	0.8882
1294	0.1044	0.8976
1295	0.1116	0.8964
1296	0.1026	0.8938
1297	0.1004	0.8928
1298	0.0906	0.897
1299	0.0986	0.891
1300	0.1038	0.888
1301	0.1116	0.8932
1302	0.1088	0.8922
1303	0.1146	0.8842
1304	0.1092	0.8956
1305	0.1038	0.8912
1306	0.0962	0.8926
1307	0.1006	0.905
1308	0.1058	0.9098
1309	0.1	0.9044
1310	0.0954	0.904
1311	0.1022	0.9042
1312	0.093	0.8908
1313	0.0716	0.8858
1314	0.0708	0.8828
1315	0.0826	0.8818
1316	0.1042	0.8892
1317	0.087	0.895
1318	0.0798	0.9006
1319	0.0886	0.9064
1320	0.0766	0.9096
1321	0.0714	0.916
1322	0.0708	0.92
1323	0.074	0.9118
1324	0.0612	0.9126
1325	0.0524	0.9206
1326	0.0712	0.9128
1327	0.0774	0.9152
1328	0.084	0.9134
1329	0.0836	0.9044
1330	0.102	0.909
1331	0.0964	0.9058
1332	0.0934	0.91
1333	0.0698	0.9132
1334	0.057	0.9142
1335	0.0646	0.914
1336	0.0584	0.9174
1337	0.06	0.914
1338	0.0796	0.9206
1339	0.0798	0.93
1340	0.0838	0.9262
1341	0.0604	0.9294
1342	0.0576	0.9304
1343	0.032	0.926
1344	0.0398	0.9302
1345	0.0434	0.9324
1346	0.0294	0.9198
1347	0.032	0.9186
1348	0.034	0.9158
1349	0.043	0.9132
1350	0.0514	0.9234
1351	0.0568	0.9246
1352	0.062	0.9206
1353	0.0862	0.9154
1354	0.1004	0.9204
1355	0.085	0.9164
1356	0.0822	0.916
1357	0.0912	0.913
1358	0.0734	0.9048
1359	0.0774	0.9184
1360	0.09	0.9174
1361	0.0736	0.915
1362	0.0584	0.9116
1363	0.0722	0.916
1364	0.0812	0.9122
1365	0.0816	0.9152
1366	0.0864	0.9078
1367	0.0882	0.9104
1368	0.0808	0.917
1369	0.0876	0.9188
1370	0.0656	0.9222
1371	0.0654	0.9212
1372	0.0608	0.9172
1373	0.0622	0.9204
1374	0.0658	0.9254
1375	0.0632	0.926
1376	0.0464	0.925
1377	0.0474	0.929
1378	0.0366	0.9278
1379	0.0286	0.9222
1380	0.0354	0.9184
1381	0.0414	0.9146
1382	0.043	0.9106
1383	0.047	0.9086
1384	0.0296	0.9138
1385	0.0386	0.909
1386	0.0266	0.9028
1387	0.0038	0.9136
1388	0.0052	0.9146
1389	0.0006	0.9204
1390	0.0028	0.9116
1391	0.0016	0.9132
1392	0.0072	0.9056
1393	0.0222	0.9098
1394	0.0116	0.9064
1395	0.0016	0.9036
1396	0.0122	0.9042
1397	0.0162	0.9124
1398	0.0168	0.909
1399	0.0218	0.9126
1400	0.0212	0.922
1401	0.028	0.926
1402	0.0346	0.9252
1403	0.024	0.9272
1404	0.0336	0.9322
1405	0.034	0.9302
1406	0.0056	0.9282
1407	0.0192	0.9296
1408	0.026	0.9332
1409	0.0216	0.9296
1410	0.0316	0.9212
1411	0.015	0.9204
1412	0.0048	0.9164
1413	0.0052	0.9086
1414	0.0226	0.9072
1415	0.0326	0.9188
1416	0.0366	0.9236
1417	0.0462	0.9198
1418	0.0352	0.9216
1419	0.0366	0.9148
1420	0.0306	0.9128
1421	0.0212	0.9032
1422	0.0046	0.9068
1423	0.0126	0.9116
1424	0	0.91
1425	0.0128	0.9066
1426	0.0212	0.9024
1427	0.0068	0.897
1428	0.0072	0.902
1429	0.0194	0.9028
1430	0.0188	0.9026
1431	0.0172	0.9122
1432	0.0258	0.912
1433	0.0006	0.9112
1434	0.0022	0.9156
1435	0.0082	0.9174
1436	0.0036	0.9204
1437	0.0014	0.9188
1438	0.0034	0.9164
1439	0.0056	0.9058
1440	0.009	0.9144
1441	0.0018	0.9038
1442	0.0142	0.8946
1443	0.0222	0.9052
1444	0.0054	0.9106
1445	0.0022	0.914
1446	0.0042	0.9198
1447	0.006	0.917
1448	0.0122	0.9162
1449	0.005	0.9184
1450	0.0064	0.9124
1451	0.0014	0.9168
1452	0.0164	0.9186
1453	0.0158	0.9288
1454	0.0082	0.9212
1455	0.023	0.9162
1456	0.0116	0.922
1457	0.0094	0.9138
1458	0.0182	0.9192
1459	0.005	0.9122
1460	0.0134	0.9078
1461	0.0046	0.911
1462	0.001	0.9104
1463	0.0194	0.9114
1464	0.009	0.9118
1465	0.0012	0.9058
1466	0.0208	0.905
1467	0.0116	0.9122
1468	0.0058	0.9076
1469	0.003	0.9202
1470	0.0062	0.9192
1471	0.0138	0.9186
1472	0.0054	0.912
1473	0.0108	0.916
1474	0.02	0.9144
1475	0.0306	0.909
1476	0.0464	0.911
1477	0.0342	0.9036
1478	0.0396	0.9072
1479	0.0514	0.9134
1480	0.053	0.9168
1481	0.0478	0.9142
1482	0.0444	0.9082
1483	0.027	0.9096
1484	0.0404	0.9128
1485	0.0254	0.9174
1486	0.0338	0.9184
1487	0.0416	0.9122
1488	0.0284	0.9064
1489	0.0384	0.9032
1490	0.0272	0.8948
1491	0.0214	0.903
1492	0.033	0.9012
1493	0.0264	0.8982
1494	0.0202	0.8966
1495	0.0372	0.8972
1496	0.0096	0.901
1497	0.013	0.9052
1498	0.0268	0.9098
1499	0.0192	0.9106
1500	0.0294	0.9088
1501	0.0316	0.9088
1502	0.0108	0.9162
1503	0.022	0.91
1504	0.0376	0.9116
1505	0.04	0.9038
1506	0.0364	0.9056
1507	0.0324	0.9168
1508	0.0354	0.92
1509	0.0132	0.9298
1510	0.0002	0.9258
1511	0.0014	0.9284
1512	0.013	0.92
1513	0.0076	0.9082
1514	0.0056	0.9138
1515	0.0132	0.9064
1516	0.014	0.9138
1517	0.0024	0.9124
1518	0.0124	0.9182
1519	0.0246	0.9212
1520	0.0524	0.9146
1521	0.0568	0.9178
1522	0.0496	0.912
1523	0.049	0.9066
1524	0.0316	0.9088
1525	0.0276	0.91
1526	0.019	0.91
1527	0.0094	0.9072
1528	0.0164	0.9104
1529	0.007	0.9166
1530	0.0102	0.9168
1531	0.0028	0.9126
1532	0.0202	0.9114
1533	0.0076	0.9152
1534	0.0032	0.9098
1535	0.0124	0.9102
1536	0.0216	0.9126
1537	0.009	0.911
1538	0.0108	0.9158
1539	0.0074	0.9122
1540	0.0088	0.9044
1541	0.0128	0.8952
1542	0.0144	0.8902
1543	0.013	0.9004
1544	0.009	0.9052
1545	0.0248	0.9074
1546	0.0236	0.9066
1547	0.0384	0.9048
1548	0.0334	0.9096
1549	0.033	0.9052
1550	0.0442	0.9018
1551	0.0544	0.903
1552	0.0628	0.9062
1553	0.0812	0.9112
1554	0.0806	0.9046
1555	0.0944	0.8984
1556	0.0824	0.9076
1557	0.0656	0.9112
1558	0.0674	0.9132
1559	0.0688	0.9106
1560	0.0634	0.9128
1561	0.0592	0.9078
1562	0.0572	0.9124
1563	0.0622	0.9204
1564	0.0622	0.9168
1565	0.0576	0.9086
1566	0.0604	0.9058
1567	0.0474	0.9112
1568	0.0402	0.9034
1569	0.0476	0.9128
1570	0.05	0.9062
1571	0.0288	0.9192
1572	0.0136	0.9126
1573	0.0158	0.917
1574	0.0114	0.9158
1575	0.015	0.9216
1576	0.0114	0.931
1577	0.0168	0.9236
1578	0.047	0.9198
1579	0.0374	0.9252
1580	0.0316	0.919
1581	0.0288	0.9232
1582	0.0358	0.9202
1583	0.0442	0.9174
1584	0.0416	0.923
1585	0.0426	0.928
1586	0.029	0.9216
1587	0.0336	0.9254
1588	0.0182	0.9214
1589	0.0106	0.924
1590	0.0178	0.926
1591	0.0278	0.9212
1592	0.0266	0.9196
1593	0.0382	0.917
1594	0.0592	0.9112
1595	0.066	0.914
1596	0.0386	0.9182
1597	0.0344	0.923
1598	0.0224	0.9222
1599	0.032	0.9182
1600	0.0298	0.9222
1601	0.0168	0.9172
1602	0.0146	0.9236
1603	0.0254	0.9222
1604	0.0128	0.928
1605	0.0168	0.9212
1606	0.0238	0.9168
1607	0.015	0.919
1608	0.0102	0.9196
1609	0.033	0.9206
1610	0.0334	0.919
1611	0.0556	0.9144
1612	0.0438	0.917
1613	0.0156	0.9242
1614	0.0248	0.9222
1615	0.0146	0.926
1616	0.013	0.9186
1617	0.0158	0.9158
1618	0.0156	0.9212
1619	0.0144	0.9178
1620	0.0008	0.9298
1621	0.0028	0.9306
1622	0.0058	0.9254
1623	0.003	0.923
1624	0.0002	0.9246
1625	0.0228	0.916
1626	0.0196	0.9112
1627	0.018	0.9112
1628	0.0142	0.9158
1629	0.0028	0.9228
1630	0.0136	0.926
1631	0.0002	0.9212
1632	0.0108	0.925
1633	0.0158	0.9322
1634	0.0114	0.933
1635	0.0262	0.9316
1636	0.022	0.9336
1637	0.0198	0.924
1638	0.0186	0.9278
1639	0.0216	0.9278
1640	0.0264	0.9338
1641	0.0426	0.925
1642	0.0394	0.9238
1643	0.0336	0.924
1644	0.0344	0.92
1645	0.0332	0.9178
1646	0.0252	0.9238
1647	0.0284	0.9214
1648	0.0308	0.918
1649	0.0348	0.9212
1650	0.0212	0.9252
1651	0.0302	0.9142
1652	0.0134	0.917
1653	0.0318	0.9222
1654	0.0328	0.924
1655	0.021	0.923
1656	0.0344	0.9244
1657	0.0458	0.9302
1658	0.0506	0.9216
1659	0.0356	0.9188
1660	0.0274	0.911
1661	0.0356	0.9128
1662	0.0162	0.9164
1663	0.0172	0.9186
1664	0.0194	0.914
1665	0.0212	0.922
1666	0.0104	0.9176
1667	0.018	0.908
1668	0.0308	0.9062
1669	0.0142	0.9104
1670	0.0134	0.9142
1671	0.0354	0.905
1672	0.0248	0.91
1673	0.0288	0.9148
1674	0.0214	0.9034
1675	0.0322	0.9076
1676	0.0438	0.906
1677	0.0392	0.911
1678	0.0396	0.913
1679	0.031	0.9092
1680	0.0436	0.9112
1681	0.0518	0.92
1682	0.0596	0.9186
1683	0.0594	0.916
1684	0.0482	0.925
1685	0.0424	0.9176
1686	0.0438	0.9208
1687	0.0376	0.9128
1688	0.0364	0.904
1689	0.018	0.894
1690	0.0234	0.9074
1691	0.0186	0.9124
1692	0.0194	0.9108
1693	0.0136	0.9152
1694	0.0072	0.9056
1695	0.003	0.9084
1696	0.0064	0.9038
1697	0.018	0.8946
1698	0.0364	0.899
1699	0.0326	0.9104
1700	0.0432	0.9108
1701	0.0348	0.915
1702	0.055	0.9172
1703	0.0346	0.9156
1704	0.034	0.9046
1705	0.0506	0.9074
1706	0.0526	0.9136
1707	0.049	0.922
1708	0.0586	0.9224
1709	0.0512	0.9178
1710	0.0532	0.912
1711	0.05	0.9106
1712	0.0332	0.9082
1713	0.0236	0.9104
1714	0.0086	0.9114
1715	0.009	0.912
1716	0.0242	0.9106
1717	0.0078	0.9104
1718	0.0214	0.909
1719	0.0024	0.9032
1720	0.0068	0.9046
1721	0.0004	0.9122
1722	0.0036	0.9056
1723	0.0018	0.8988
1724	0.0004	0.9002
1725	0.0006	0.9056
1726	0.0018	0.9048
1727	0.0042	0.9078
1728	0.0184	0.901
1729	0.0188	0.903
1730	0.0314	0.9128
1731	0.0532	0.9042
1732	0.046	0.9042
1733	0.0526	0.9018
1734	0.0594	0.8974
1735	0.0544	0.8966
1736	0.0562	0.9082
1737	0.0512	0.9008
1738	0.059	0.911
1739	0.056	0.9144
1740	0.0488	0.9174
1741	0.06	0.9116
1742	0.0548	0.911
1743	0.0512	0.9182
1744	0.0662	0.9096
1745	0.0762	0.9072
1746	0.0652	0.9094
1747	0.061	0.9138
1748	0.0554	0.9122
1749	0.0494	0.9094
1750	0.0794	0.9078
1751	0.0656	0.9148
1752	0.0902	0.9198
1753	0.0868	0.924
1754	0.082	0.9264
1755	0.0794	0.9284
1756	0.0664	0.927
1757	0.0608	0.9216
1758	0.0586	0.9208
1759	0.0632	0.9232
1760	0.0496	0.9198
1761	0.052	0.9202
1762	0.0448	0.9178
1763	0.0416	0.9164
1764	0.057	0.91
1765	0.0524	0.9054
1766	0.0556	0.9012
1767	0.0716	0.909
1768	0.0904	0.9136
1769	0.0894	0.9094
1770	0.085	0.913
1771	0.0984	0.9114
1772	0.093	0.9104
1773	0.1072	0.9094
1774	0.1188	0.9192
1775	0.1096	0.9154
1776	0.1084	0.9166
1777	0.1032	0.9134
1778	0.1028	0.9108
1779	0.1016	0.9112
1780	0.1038	0.9114
1781	0.1134	0.9128
1782	0.1254	0.9096
1783	0.1216	0.9124
1784	0.1118	0.9216
1785	0.1118	0.9196
1786	0.1128	0.9208
1787	0.1266	0.9242
1788	0.1252	0.9118
1789	0.1366	0.9158
1790	0.1398	0.9204
1791	0.1366	0.9148
1792	0.1508	0.9084
1793	0.158	0.902
1794	0.1428	0.9038
1795	0.1192	0.9108
1796	0.1078	0.9132
1797	0.1114	0.9162
1798	0.108	0.9186
1799	0.1066	0.9232
1800	0.1174	0.9272
1801	0.1192	0.9072
1802	0.1268	0.906
1803	0.1234	0.9036
1804	0.142	0.8962
1805	0.14	0.902
1806	0.1314	0.8984
1807	0.134	0.8974
1808	0.1214	0.8986
1809	0.1286	0.9008
1810	0.1266	0.9088
1811	0.138	0.9134
1812	0.1362	0.9196
1813	0.1382	0.915
1814	0.1428	0.9204
1815	0.1146	0.9214
1816	0.0988	0.9276
1817	0.0922	0.9238
1818	0.0902	0.9224
1819	0.0934	0.9224
1820	0.1084	0.9206
1821	0.0952	0.9186
1822	0.093	0.9254
1823	0.0682	0.9152
1824	0.0722	0.9134
1825	0.0698	0.9082
1826	0.0824	0.9156
1827	0.0894	0.9186
1828	0.0904	0.9186
1829	0.0876	0.9146
1830	0.0686	0.9126
1831	0.0704	0.913
1832	0.0732	0.913
1833	0.076	0.914
1834	0.0684	0.917
1835	0.0618	0.911
1836	0.06	0.9172
1837	0.0704	0.911
1838	0.0614	0.914
1839	0.0548	0.9106
1840	0.0524	0.9138
1841	0.041	0.9112
1842	0.0354	0.9076
1843	0.0292	0.9042
1844	0.0128	0.9016
1845	0.0244	0.9032
1846	0.0552	0.9078
1847	0.0538	0.9136
1848	0.0524	0.9022
1849	0.0372	0.8982
1850	0.0256	0.8996
1851	0.007	0.9036
1852	0.0256	0.9016
1853	0.0218	0.9104
1854	0.042	0.9156
1855	0.0388	0.9108
1856	0.031	0.9076
1857	0.015	0.9114
1858	0.0076	0.9072
1859	0.0052	0.9112
1860	0.006	0.9094
1861	0.0194	0.9098
1862	0.0104	0.9062
1863	0.0028	0.9068
1864	0.0076	0.9094
1865	0.0084	0.9172
1866	0.022	0.919
1867	0.0254	0.919
1868	0.0282	0.9174
1869	0.0368	0.9068
1870	0.05	0.9116
1871	0.0308	0.9204
1872	0.0314	0.9142
1873	0.035	0.9134
1874	0.0314	0.9104
1875	0.0372	0.9134
1876	0.043	0.9226
1877	0.0458	0.9208
1878	0.052	0.9236
1879	0.0528	0.9178
1880	0.058	0.913
1881	0.069	0.918
1882	0.0608	0.922
1883	0.0618	0.9284
1884	0.0598	0.924
1885	0.0684	0.9188
1886	0.0622	0.9086
1887	0.0776	0.9066
1888	0.0834	0.9138
1889	0.099	0.9164
1890	0.0838	0.913
1891	0.0788	0.9138
1892	0.0728	0.9148
1893	0.0582	0.914
1894	0.0634	0.9142
1895	0.0626	0.9146
1896	0.0738	0.9138
1897	0.0814	0.9088
1898	0.0796	0.9122
1899	0.0946	0.91
1900	0.1018	0.9124
1901	0.102	0.912
1902	0.0928	0.9048
1903	0.102	0.9064
1904	0.0854	0.9074
1905	0.0838	0.9004
1906	0.0816	0.9
1907	0.0666	0.8946
1908	0.071	0.8936
1909	0.0678	0.8952
1910	0.075	0.8916
1911	0.087	0.892
1912	0.0838	0.892
1913	0.0598	0.8866
1914	0.071	0.8916
1915	0.0648	0.8946
1916	0.061	0.8938
1917	0.0696	0.8984
1918	0.0768	0.8958
1919	0.083	0.8984
1920	0.0736	0.8992
1921	0.0578	0.8944
1922	0.0416	0.8994
1923	0.0392	0.8994
1924	0.0288	0.9076
1925	0.0034	0.9082
1926	0.0006	0.9052
1927	0.0258	0.9042
1928	0.0074	0.9038
1929	0.0092	0.9082
1930	0.0094	0.906
1931	0.006	0.9044
1932	0.0142	0.9084
1933	0.0202	0.9076
1934	0.0134	0.914
1935	0.0178	0.9246
1936	0.038	0.928
1937	0.024	0.9252
1938	0.0254	0.9248
1939	0.0094	0.9288
1940	0.0282	0.9242
1941	0.0168	0.9174
1942	0.0082	0.911
1943	0.0156	0.9114
1944	0.0108	0.9126
1945	0.0122	0.913
1946	0.0196	0.912
1947	0.0076	0.9172
1948	0.0168	0.907
1949	0.0148	0.9126
1950	0.0116	0.9222
1951	0.0058	0.914
1952	0.008	0.9074
1953	0.0004	0.9164
1954	0.0186	0.9234
1955	0.0136	0.9226
1956	0.0058	0.9228
1957	0.0132	0.9222
1958	0.0152	0.9274
1959	0.0036	0.9286
1960	0.0136	0.9308
1961	0.0074	0.9304
1962	0.0006	0.9318
1963	0.0112	0.9398
1964	0.009	0.9394
1965	0.012	0.936
1966	0.0326	0.9292
1967	0.0376	0.9336
1968	0.0446	0.9276
1969	0.0408	0.9332
1970	0.041	0.9328
1971	0.0284	0.9298
1972	0.0474	0.9328
1973	0.0382	0.9264
1974	0.0494	0.9162
1975	0.0514	0.913
1976	0.044	0.921
1977	0.0506	0.917
1978	0.0502	0.9174
1979	0.0686	0.9246
1980	0.077	0.9172
1981	0.0814	0.9178
1982	0.0668	0.906
1983	0.0556	0.9136
1984	0.068	0.9128
1985	0.0882	0.913
1986	0.0982	0.9216
1987	0.0866	0.9118
1988	0.092	0.9134
1989	0.0916	0.9218
1990	0.1032	0.9274
1991	0.0962	0.9224
1992	0.108	0.917
1993	0.1158	0.9108
1994	0.1068	0.9004
1995	0.1118	0.8984
1996	0.1222	0.9032
1997	0.1186	0.9056
1998	0.0836	0.9108
1999	0.0872	0.9082
2000	0.0956	0.9032
2001	0.1068	0.8978
2002	0.1082	0.9006
2003	0.1206	0.8972
2004	0.1196	0.9024
2005	0.1082	0.8902
2006	0.1328	0.8976
2007	0.1438	0.906
2008	0.1578	0.9048
2009	0.1746	0.9036
2010	0.1814	0.8996
2011	0.1772	0.906
2012	0.1794	0.908
2013	0.182	0.901
2014	0.1644	0.9052
2015	0.1678	0.9046
2016	0.166	0.903
2017	0.1696	0.9092
2018	0.1858	0.9104
2019	0.184	0.9082
2020	0.1896	0.9112
2021	0.1898	0.9028
2022	0.188	0.891
2023	0.19	0.8858
2024	0.1986	0.8898
2025	0.2094	0.8978
2026	0.1998	0.9056
2027	0.1824	0.91
2028	0.1764	0.906
2029	0.1732	0.9158
2030	0.1612	0.9118
2031	0.1692	0.9082
2032	0.1838	0.9078
2033	0.1894	0.9064
2034	0.1918	0.9154
2035	0.1976	0.923
2036	0.1868	0.9204
2037	0.2044	0.9194
2038	0.2166	0.9224
2039	0.1986	0.9198
2040	0.1918	0.9194
2041	0.191	0.9216
2042	0.2082	0.9212
2043	0.2124	0.9238
2044	0.2234	0.92
2045	0.2118	0.9268
2046	0.1956	0.932
2047	0.2106	0.9196
2048	0.2178	0.917
2049	0.221	0.9178
2050	0.221	0.9148
2051	0.2186	0.9156
2052	0.2328	0.9096
2053	0.24	0.9078
2054	0.2346	0.9032
2055	0.2346	0.895
2056	0.217	0.8954
2057	0.2066	0.8964
2058	0.207	0.8946
2059	0.1976	0.8998
2060	0.2006	0.911
2061	0.1828	0.9048
2062	0.1768	0.895
2063	0.1808	0.9018
2064	0.2024	0.9002
2065	0.1912	0.9052
2066	0.1876	0.9068
2067	0.2054	0.9086
2068	0.208	0.9088
2069	0.2002	0.9104
2070	0.1914	0.9036
2071	0.2002	0.9024
2072	0.2092	0.9056
2073	0.1992	0.9054
2074	0.2036	0.9044
2075	0.2064	0.901
2076	0.186	0.9026
2077	0.194	0.9016
2078	0.2048	0.907
2079	0.1952	0.9066
2080	0.1958	0.8994
2081	0.1892	0.9062
2082	0.1824	0.908
2083	0.1934	0.9024
2084	0.2056	0.897
2085	0.207	0.9038
2086	0.1892	0.9052
2087	0.1732	0.914
2088	0.1674	0.9136
2089	0.1662	0.9102
2090	0.1596	0.916
2091	0.1646	0.9278
2092	0.1614	0.9228
2093	0.1536	0.9204
2094	0.1794	0.9086
2095	0.1776	0.9118
2096	0.1558	0.9156
2097	0.157	0.9088
2098	0.167	0.9016
2099	0.174	0.8978
2100	0.165	0.8916
2101	0.165	0.9002
2102	0.1466	0.907
2103	0.147	0.8956
2104	0.1284	0.9028
2105	0.1234	0.9002
2106	0.1344	0.909
2107	0.1378	0.9044
2108	0.1566	0.9164
2109	0.1686	0.9202
2110	0.1656	0.921
2111	0.1594	0.9198
2112	0.17	0.922
2113	0.1652	0.9122
2114	0.181	0.9126
2115	0.1784	0.9112
2116	0.1886	0.9122
2117	0.19	0.9124
2118	0.196	0.9172
2119	0.1922	0.9222
2120	0.1882	0.9226
2121	0.1878	0.9144
2122	0.1618	0.9152
2123	0.1546	0.913
2124	0.167	0.9146
2125	0.1566	0.9078
2126	0.1528	0.9146
2127	0.16	0.9144
2128	0.1224	0.9086
2129	0.1268	0.905
2130	0.1038	0.9106
2131	0.0892	0.9068
2132	0.098	0.9074
2133	0.119	0.9046
2134	0.1052	0.9002
2135	0.0934	0.9118
2136	0.0834	0.9114
2137	0.0766	0.9106
2138	0.0662	0.9114
2139	0.0632	0.9174
2140	0.0514	0.9136
2141	0.0602	0.9206
2142	0.0372	0.9154
2143	0.0274	0.922
2144	0.0354	0.929
2145	0.01	0.9296
2146	0.0128	0.9328
2147	0.002	0.9272
2148	0.0062	0.9332
2149	0.008	0.9288
2150	0.0076	0.9264
2151	0.02	0.9278
2152	0.021	0.9168
2153	0.026	0.92
2154	0.0478	0.9142
2155	0.049	0.9114
2156	0.04	0.9076
2157	0.0622	0.9112
2158	0.0634	0.9128
2159	0.061	0.9146
2160	0.07	0.9142
2161	0.0646	0.9124
2162	0.0534	0.9152
2163	0.0472	0.9172
2164	0.0544	0.9198
2165	0.0592	0.9128
2166	0.069	0.9068
2167	0.0568	0.9116
2168	0.0478	0.9214
2169	0.0286	0.9258
2170	0.0266	0.9188
2171	0.0202	0.9172
2172	0.0112	0.9122
2173	0.017	0.919
2174	0.007	0.9134
2175	0.0202	0.9108
2176	0.0144	0.9058
2177	0.0222	0.9008
2178	0.0232	0.9094
2179	0.0226	0.916
2180	0.001	0.9164
2181	0.0106	0.919
2182	0.0058	0.9176
2183	0.0046	0.9184
2184	0.0072	0.9158
2185	0.036	0.914
2186	0.051	0.914
2187	0.057	0.9166
2188	0.049	0.9166
2189	0.0636	0.9158
2190	0.0508	0.9128
2191	0.0298	0.9172
2192	0.0266	0.9208
2193	0.0204	0.9208
2194	0.015	0.9206
2195	0.0092	0.9192
2196	0.023	0.9228
2197	0.0022	0.93
2198	0.0098	0.9266
2199	0.0202	0.9276
2200	0.0204	0.9246
2201	0.013	0.917
2202	0.0214	0.9192
2203	0.0384	0.9126
2204	0.0226	0.907
2205	0.0362	0.9046
2206	0.0372	0.91
2207	0.017	0.9148
2208	0.0036	0.9024
2209	0.0038	0.8988
2210	0.0062	0.9078
2211	0.0098	0.9068
2212	0.0016	0.9072
2213	0.0074	0.9106
2214	0.0008	0.907
2215	0.025	0.9104
2216	0.0418	0.9144
2217	0.0366	0.9146
2218	0.047	0.9198
2219	0.0632	0.9182
2220	0.0782	0.924
2221	0.0622	0.9204
2222	0.0534	0.93
2223	0.0478	0.9262
2224	0.0494	0.9142
2225	0.0604	0.9092
2226	0.0638	0.9124
2227	0.0552	0.9152
2228	0.0684	0.9206
2229	0.0632	0.917
2230	0.079	0.9184
2231	0.1038	0.9192
2232	0.1028	0.9154
2233	0.092	0.9172
2234	0.0932	0.9112
2235	0.1132	0.9066
2236	0.108	0.9022
2237	0.1092	0.9048
2238	0.108	0.9092
2239	0.0864	0.9052
2240	0.0642	0.9052
2241	0.064	0.8938
2242	0.054	0.8948
2243	0.0504	0.9002
2244	0.0474	0.898
2245	0.051	0.901
2246	0.0602	0.9054
2247	0.0462	0.9088
2248	0.0352	0.9118
2249	0.0692	0.9108
2250	0.0792	0.9114
2251	0.076	0.911
2252	0.0708	0.9094
2253	0.0714	0.9102
2254	0.0644	0.9102
2255	0.0678	0.9196
2256	0.0552	0.9214
2257	0.063	0.923
2258	0.0386	0.917
2259	0.0274	0.9162
2260	0.0344	0.9146
2261	0.0454	0.9144
2262	0.0322	0.9186
2263	0.0322	0.9114
2264	0.0526	0.9124
2265	0.0474	0.9172
2266	0.0692	0.9202
2267	0.0766	0.917
2268	0.0816	0.9176
2269	0.0586	0.924
2270	0.0524	0.9138
2271	0.0626	0.9192
2272	0.0592	0.9112
2273	0.0826	0.9132
2274	0.054	0.917
2275	0.054	0.9102
2276	0.0338	0.9094
2277	0.0424	0.9046
2278	0.0304	0.909
2279	0.019	0.9134
2280	0.0154	0.9196
2281	0.007	0.9248
2282	0.0126	0.9136
2283	0.0136	0.9078
2284	0.0086	0.9196
2285	0.016	0.9282
2286	0.0326	0.9278
2287	0.0234	0.925
2288	0.023	0.9172
2289	0.0306	0.9108
2290	0.0382	0.9104
2291	0.0218	0.9184
2292	0.0268	0.918
2293	0.0266	0.9166
2294	0.033	0.91
2295	0.0238	0.915
2296	0.0226	0.9192
2297	0.0118	0.928
2298	0.0142	0.9228
2299	0.019	0.9132
2300	0.0084	0.9164
2301	0.012	0.9168
2302	0.0016	0.9172
2303	0.0104	0.9132
2304	0.0138	0.9122
2305	0.0008	0.9056
2306	0.0208	0.9018
2307	0.0264	0.8982
2308	0.0186	0.9044
2309	0.0162	0.9068
2310	0.0198	0.9062
2311	0.029	0.907
2312	0.0114	0.9024
2313	0.0154	0.9078
2314	0.0034	0.8992
2315	0.0182	0.9026
2316	0.0268	0.9112
2317	0.023	0.9094
2318	0.019	0.9074
2319	0.0124	0.907
2320	0.0178	0.8994
2321	0.0196	0.9026
2322	0.0288	0.912
2323	0.0224	0.911
2324	0.035	0.9152
2325	0.0376	0.918
2326	0.0416	0.9144
2327	0.038	0.9136
2328	0.0488	0.9068
2329	0.0516	0.9082
2330	0.0386	0.9106
2331	0.0468	0.9166
2332	0.0444	0.915
2333	0.0446	0.913
2334	0.0418	0.9098
2335	0.053	0.913
2336	0.0402	0.9028
2337	0.0376	0.9014
2338	0.0274	0.9064
2339	0.0128	0.9022
2340	0.0226	0.9078
2341	0.0264	0.9058
2342	0.0234	0.9126
2343	0.0284	0.9106
2344	0.0398	0.9062
2345	0.0542	0.9024
2346	0.041	0.9012
2347	0.025	0.9104
2348	0.0272	0.9094
2349	0.0414	0.9064
2350	0.0426	0.91
2351	0.0506	0.9146
2352	0.0472	0.9102
2353	0.047	0.907
2354	0.0606	0.9088
2355	0.0704	0.917
2356	0.0588	0.9142
2357	0.0708	0.9186
2358	0.0912	0.915
2359	0.1032	0.9188
2360	0.0984	0.9174
2361	0.0976	0.9232
2362	0.0948	0.922
2363	0.0934	0.9178
2364	0.0932	0.9226
2365	0.0928	0.924
2366	0.0886	0.9148
2367	0.1022	0.91
2368	0.0844	0.9126
2369	0.09	0.9012
2370	0.0798	0.9026
2371	0.0762	0.8998
2372	0.0926	0.897
2373	0.0896	0.891
2374	0.0982	0.8958
2375	0.0838	0.8954
2376	0.1116	0.9
2377	0.1262	0.9052
2378	0.1182	0.9098
2379	0.0996	0.9112
2380	0.099	0.9126
2381	0.0908	0.9144
2382	0.0716	0.9226
2383	0.0656	0.9144
2384	0.0638	0.9188
2385	0.0354	0.911
2386	0.0386	0.9066
2387	0.0528	0.9064
2388	0.0406	0.922
2389	0.0328	0.9082
2390	0.0224	0.902
2391	0.0246	0.8958
2392	0.0248	0.905
2393	0.029	0.9062
2394	0.0142	0.9054
2395	0.0054	0.9034
2396	0.0266	0.908
2397	0.0154	0.9106
2398	0.0232	0.9094
2399	0.0372	0.9052
2400	0.041	0.9012
2401	0.067	0.9044
2402	0.0436	0.9078
2403	0.0322	0.9136
2404	0.0376	0.9122
2405	0.0356	0.917
2406	0.0458	0.911
2407	0.0386	0.9142
2408	0.0484	0.914
2409	0.0718	0.9144
2410	0.0706	0.9208
2411	0.0636	0.9254
2412	0.0766	0.9254
2413	0.0856	0.9164
2414	0.0726	0.9206
2415	0.0796	0.9242
2416	0.0866	0.9182
2417	0.0864	0.9176
2418	0.0994	0.9142
2419	0.0892	0.9056
2420	0.1018	0.9066
2421	0.1154	0.9036
2422	0.109	0.901
2423	0.1196	0.902
2424	0.1074	0.903
2425	0.1182	0.9024
2426	0.098	0.9116
2427	0.0842	0.9154
2428	0.1062	0.9082
2429	0.1092	0.9088
2430	0.1002	0.9018
2431	0.1168	0.902
2432	0.1286	0.9074
2433	0.1358	0.907
2434	0.1476	0.9144
2435	0.1542	0.902
2436	0.1438	0.9046
2437	0.1214	0.9094
2438	0.1196	0.9124
2439	0.1302	0.9122
2440	0.1174	0.913
2441	0.0952	0.9196
2442	0.0946	0.9164
2443	0.1108	0.9104
2444	0.1078	0.9066
2445	0.1036	0.9064
2446	0.0994	0.9024
2447	0.0692	0.9078
2448	0.0532	0.9064
2449	0.052	0.9092
2450	0.0566	0.9136
2451	0.0612	0.9114
2452	0.0452	0.9098
2453	0.0394	0.8988
2454	0.0364	0.9014
2455	0.0476	0.9094
2456	0.055	0.911
2457	0.0518	0.9104
2458	0.059	0.9116
2459	0.064	0.8994
2460	0.054	0.9004
2461	0.05	0.8984
2462	0.0564	0.9068
2463	0.046	0.9046
2464	0.0648	0.9048
2465	0.0502	0.906
2466	0.0494	0.901
2467	0.0394	0.9056
2468	0.0434	0.9074
2469	0.042	0.9036
2470	0.0492	0.9066
2471	0.0372	0.9044
2472	0.0246	0.9084
2473	0.0364	0.9056
2474	0.0464	0.9062
2475	0.0488	0.9062
2476	0.0374	0.9054
2477	0.03	0.9098
2478	0.0374	0.904
2479	0.0406	0.9006
2480	0.044	0.9064
2481	0.0408	0.907
2482	0.0326	0.9058
2483	0.0112	0.91
2484	0.0204	0.8992
2485	0.011	0.8986
2486	0.0174	0.8994
2487	0.0032	0.9134
2488	0.0184	0.9158
2489	0.025	0.9124
2490	0.023	0.9122
2491	0.033	0.9114
2492	0.0636	0.9064
2493	0.0772	0.9058
2494	0.0692	0.902
2495	0.0518	0.9066
2496	0.0562	0.9098
2497	0.0542	0.8992
2498	0.0498	0.8982
2499	0.0666	0.9038
2500	0.0494	0.9082
2501	0.0386	0.912
2502	0.0144	0.925
2503	0.0344	0.924
2504	0.052	0.9182
2505	0.041	0.9162
2506	0.0506	0.9192
2507	0.0534	0.9198
2508	0.0284	0.9248
2509	0.0294	0.9276
2510	0.0314	0.9236
2511	0.023	0.9192
2512	0.0384	0.9206
2513	0.0428	0.9242
2514	0.0226	0.926
2515	0.0222	0.9138
2516	0.0344	0.9122
2517	0.0304	0.9124
2518	0.0276	0.92
2519	0.0324	0.9182
2520	0.0178	0.9136
2521	0.0074	0.9156
2522	0.0186	0.918
2523	0.0078	0.9106
2524	0.0376	0.9112
2525	0.0254	0.909
2526	0.0364	0.9162
2527	0.0414	0.915
2528	0.0484	0.9108
2529	0.0378	0.918
2530	0.0226	0.9126
2531	0.0408	0.915
2532	0.0286	0.9194
2533	0.0256	0.9238
2534	0.024	0.929
2535	0.0164	0.9326
2536	0.034	0.9238
2537	0.0124	0.9192
2538	0.0136	0.9184
2539	0.0086	0.918
2540	0.0084	0.917
2541	0.0062	0.9196
2542	0	0.9224
2543	0.01	0.9184
2544	0.019	0.9132
2545	0.0188	0.9198
2546	0.0318	0.9222
2547	0.0458	0.9208
2548	0.0402	0.923
2549	0.0298	0.92
2550	0.0474	0.9196
2551	0.0456	0.9286
2552	0.041	0.9242
2553	0.0584	0.921
2554	0.082	0.902
2555	0.0886	0.9094
2556	0.0796	0.9032
2557	0.0798	0.9126
2558	0.079	0.9114
2559	0.0624	0.906
2560	0.048	0.9178
2561	0.0354	0.918
2562	0.0542	0.9128
2563	0.0642	0.9128
2564	0.0754	0.9068
2565	0.0694	0.9118
2566	0.0624	0.9134
2567	0.0542	0.9082
2568	0.0378	0.9106
2569	0.0484	0.9108
2570	0.052	0.9142
2571	0.045	0.9094
2572	0.054	0.9052
2573	0.053	0.9134
2574	0.0578	0.9136
2575	0.0534	0.921
2576	0.0456	0.9212
2577	0.056	0.9216
2578	0.0506	0.9242
2579	0.0444	0.9196
2580	0.0536	0.9198
2581	0.0638	0.9228
2582	0.0642	0.919
2583	0.0642	0.9216
2584	0.0702	0.919
2585	0.0704	0.9204
2586	0.081	0.9214
2587	0.081	0.919
2588	0.0738	0.9248
2589	0.0854	0.9238
2590	0.0774	0.9258
2591	0.069	0.923
2592	0.0594	0.916
2593	0.058	0.9172
2594	0.0604	0.9132
2595	0.0716	0.9108
2596	0.0808	0.8972
2597	0.0614	0.904
2598	0.0572	0.904
2599	0.0722	0.9076
2600	0.07	0.9092
2601	0.0578	0.9116
2602	0.0602	0.9162
2603	0.0514	0.9196
2604	0.0422	0.9156
2605	0.0268	0.9132
2606	0.012	0.9106
2607	0.0176	0.9206
2608	0.0216	0.9114
2609	0.0312	0.9044
2610	0.0036	0.9044
2611	0.0136	0.91
2612	0.0026	0.9118
2613	0.0192	0.918
2614	0.0254	0.909
2615	0.0312	0.9046
2616	0.0146	0.9092
2617	0.0448	0.9198
2618	0.0638	0.9162
2619	0.0588	0.9122
2620	0.0486	0.9146
2621	0.04	0.9084
2622	0.0538	0.9036
2623	0.0502	0.908
2624	0.0536	0.9044
2625	0.0566	0.9134
2626	0.06	0.9074
2627	0.0618	0.9164
2628	0.035	0.9136
2629	0.033	0.9116
2630	0.0326	0.9202
2631	0.0416	0.921
2632	0.0354	0.9154
2633	0.0358	0.9132
2634	0.0302	0.9036
2635	0.0244	0.9104
2636	0.0416	0.9086
2637	0.036	0.908
2638	0.0468	0.912
2639	0.0544	0.9058
2640	0.081	0.9164
2641	0.0656	0.9158
2642	0.0516	0.912
2643	0.0582	0.9134
2644	0.0512	0.9076
2645	0.0426	0.9086
2646	0.0536	0.9086
2647	0.059	0.9078
2648	0.0498	0.9106
2649	0.0366	0.9054
2650	0.0396	0.9024
2651	0.0506	0.9108
2652	0.0466	0.9138
2653	0.053	0.9152
2654	0.0538	0.921
2655	0.0368	0.9146
2656	0.045	0.9152
2657	0.0478	0.91
2658	0.0492	0.9158
2659	0.066	0.9104
2660	0.0806	0.9076
2661	0.0776	0.9106
2662	0.0564	0.9138
2663	0.0578	0.908
2664	0.0472	0.9068
2665	0.04	0.9106
2666	0.0404	0.8972
2667	0.0368	0.8988
2668	0.0266	0.9068
2669	0.0318	0.9072
2670	0.0378	0.912
2671	0.0532	0.9124
2672	0.0322	0.9124
2673	0.0252	0.9224
2674	0.0124	0.927
2675	0.001	0.9254
2676	0.005	0.921
2677	0.024	0.924
2678	0.018	0.9214
2679	0.0082	0.9178
2680	0.028	0.916
2681	0.0154	0.9182
2682	0.016	0.9116
2683	0.0292	0.9234
2684	0.0084	0.9272
2685	0.01	0.9244
2686	0.0096	0.9208
2687	0.0064	0.9246
2688	0.0026	0.9296
2689	0.0074	0.9282
2690	0.0038	0.9184
2691	0.0072	0.9122
2692	0.0008	0.907
2693	0.0154	0.9002
2694	0.0306	0.8894
2695	0.0306	0.8938
2696	0.0346	0.9022
2697	0.0282	0.9108
2698	0.0324	0.9096
2699	0.0384	0.913
2700	0.0256	0.9206
2701	0.0348	0.923
2702	0.0144	0.921
2703	0.0148	0.9152
2704	0.009	0.9156
2705	0.0224	0.9136
2706	0.021	0.921
2707	0.0194	0.9206
2708	0.0284	0.9216
2709	0.0272	0.9224
2710	0.018	0.921
2711	0.0316	0.916
2712	0.0286	0.9018
2713	0.0146	0.9002
2714	0.038	0.9018
2715	0.051	0.9042
2716	0.0374	0.9032
2717	0.029	0.9056
2718	0.0258	0.9074
2719	0.0204	0.9076
2720	0.0064	0.8994
2721	0.0054	0.8994
2722	0.0048	0.9034
2723	0.0002	0.9074
2724	0.0012	0.9066
2725	0.006	0.9118
2726	0.0142	0.9168
2727	0.0086	0.9146
2728	0.0084	0.9136
2729	0.0082	0.918
2730	0.0272	0.9178
2731	0.02	0.9068
2732	0.0146	0.9132
2733	0.0054	0.9108
2734	0.0156	0.9082
2735	0.0088	0.9076
2736	0.0096	0.903
2737	0.022	0.902
2738	0.0292	0.9096
2739	0.0104	0.915
2740	0.0056	0.918
2741	0.0032	0.9116
2742	0.0096	0.914
2743	0.0248	0.921
2744	0.0288	0.9246
2745	0.034	0.9218
2746	0.0364	0.9198
2747	0.0274	0.9214
2748	0.0268	0.918
2749	0.0136	0.9146
2750	0.0094	0.9186
2751	0.0168	0.9204
2752	0.0108	0.9198
2753	0.0106	0.9112
2754	0.0062	0.913
2755	0.0062	0.9208
2756	0.0094	0.916
2757	0.0024	0.917
2758	0.007	0.9194
2759	0.013	0.914
2760	0.0118	0.9128
2761	0.0014	0.9122
2762	0.0012	0.9164
2763	0.0102	0.9232
2764	0.0162	0.9176
2765	0.025	0.9124
2766	0.0152	0.9154
2767	0	0.922
2768	0.0068	0.9122
2769	0.0132	0.9144
2770	0.0042	0.916
2771	0.0078	0.9184
2772	0.0004	0.92
2773	0.004	0.9182
2774	0.0186	0.9244
2775	0.0008	0.9124
2776	0.0022	0.907
2777	0.0128	0.9052
2778	0.0066	0.907
2779	0.0046	0.9164
2780	0.0044	0.917
2781	0.0032	0.917
2782	0.0058	0.9172
2783	0.0216	0.92
2784	0.0174	0.9164
2785	0.015	0.914
2786	0.0084	0.9132
2787	0.0334	0.9088
2788	0.0242	0.917
2789	0.0126	0.9064
2790	0.0112	0.9076
2791	0.0124	0.9148
2792	0.0272	0.9116
2793	0.0148	0.9136
2794	0.0154	0.916
2795	0.02	0.9096
2796	0.0238	0.9116
2797	0.0258	0.9012
2798	0.0282	0.914
2799	0.0332	0.922
2800	0.031	0.9236
2801	0.0498	0.91
2802	0.0502	0.9106
2803	0.0556	0.91
2804	0.0442	0.9148
2805	0.0468	0.907
2806	0.0328	0.907
2807	0.054	0.9092
2808	0.065	0.9066
2809	0.0678	0.9126
2810	0.066	0.9052
2811	0.0726	0.9048
2812	0.0682	0.9012
2813	0.0646	0.9098
2814	0.0704	0.9098
2815	0.0792	0.911
2816	0.068	0.9104
2817	0.0564	0.9092
2818	0.077	0.9124
2819	0.0564	0.9098
2820	0.0632	0.9206
2821	0.079	0.9232
2822	0.078	0.9166
2823	0.0608	0.9138
2824	0.0842	0.9202
2825	0.0814	0.9166
2826	0.071	0.9088
2827	0.0646	0.9138
2828	0.0562	0.9106
2829	0.0556	0.9046
2830	0.0622	0.9054
2831	0.066	0.912
2832	0.0794	0.9188
2833	0.0996	0.926
2834	0.1014	0.918
2835	0.0918	0.9082
2836	0.0938	0.9134
2837	0.1012	0.9142
2838	0.0954	0.9168
2839	0.0936	0.9132
2840	0.0828	0.9134
2841	0.0876	0.9094
2842	0.0732	0.9174
2843	0.078	0.9106
2844	0.1	0.908
2845	0.091	0.9096
2846	0.0854	0.9116
2847	0.0982	0.9132
2848	0.0834	0.9212
2849	0.0802	0.9194
2850	0.0818	0.9264
2851	0.0876	0.9172
2852	0.1	0.9182
2853	0.0886	0.9042
2854	0.0758	0.897
2855	0.0918	0.9052
2856	0.0794	0.9036
2857	0.0714	0.8986
2858	0.079	0.9062
2859	0.0636	0.918
2860	0.0694	0.9144
2861	0.0536	0.9206
2862	0.051	0.9202
2863	0.0514	0.9102
2864	0.055	0.9038
2865	0.0432	0.8982
2866	0.036	0.897
2867	0.0372	0.8888
2868	0.0326	0.895
2869	0.0394	0.8888
2870	0.0318	0.89
2871	0.023	0.9012
2872	0.0354	0.8992
2873	0.0262	0.9018
2874	0.0432	0.9002
2875	0.0242	0.9006
2876	0.0176	0.9074
2877	0.0176	0.9084
2878	0.0264	0.9138
2879	0.026	0.9126
2880	0.0254	0.9092
2881	0.035	0.9144
2882	0.0288	0.917
2883	0.0214	0.9114
2884	0.0264	0.9018
2885	0.0196	0.9068
2886	0.0016	0.9058
2887	0.0062	0.9074
2888	0.0136	0.9134
2889	0.0096	0.9122
2890	0.0032	0.9028
2891	0.014	0.9016
2892	0.0332	0.9086
2893	0.0262	0.9008
2894	0.0184	0.8998
2895	0.008	0.8984
2896	0.008	0.8894
2897	0.0114	0.8828
2898	0.0154	0.8862
2899	0.0168	0.8918
2900	0.015	0.8886
2901	0.0112	0.8788
2902	0.01	0.8906
2903	0.0116	0.8908
2904	0.0176	0.8952
2905	0.0276	0.9024
2906	0.0148	0.9092
2907	0.01	0.8962
2908	0.0032	0.8948
2909	0.0016	0.9028
2910	0.0036	0.9032
2911	0.025	0.9026
2912	0.0274	0.9012
2913	0.0356	0.9026
2914	0.0378	0.9056
2915	0.0476	0.905
2916	0.036	0.9106
2917	0.0294	0.9082
2918	0.0192	0.9198
2919	0.014	0.9218
2920	0.0126	0.9196
2921	0.0316	0.92
2922	0.0298	0.9176
2923	0.0216	0.92
2924	0.0212	0.9242
2925	0.0022	0.924
2926	0.0016	0.917
2927	0.0084	0.9176
2928	0.0236	0.928
2929	0.0144	0.9276
2930	0.0212	0.9292
2931	0.0164	0.9248
2932	0.0236	0.923
2933	0.0114	0.9186
2934	0.005	0.9182
2935	0.0128	0.9092
2936	0.0182	0.9074
2937	0.0252	0.9132
2938	0.0304	0.9122
2939	0.026	0.9096
2940	0.0418	0.9002
2941	0.0246	0.9114
2942	0.03	0.9064
2943	0.0414	0.9096
2944	0.035	0.8958
2945	0.0218	0.9078
2946	0.0162	0.9002
2947	0.0056	0.8992
2948	0.0022	0.9028
2949	0.0006	0.904
2950	0.0178	0.9184
2951	0.0346	0.922
2952	0.0382	0.9176
2953	0.046	0.9074
2954	0.0492	0.906
2955	0.0444	0.9044
2956	0.0518	0.9104
2957	0.052	0.9172
2958	0.0528	0.919
2959	0.049	0.9216
2960	0.0472	0.9162
2961	0.0498	0.9102
2962	0.0392	0.9156
2963	0.0396	0.9108
2964	0.059	0.9186
2965	0.055	0.9166
2966	0.0638	0.9118
2967	0.0636	0.9106
2968	0.067	0.9142
2969	0.067	0.9112
2970	0.0596	0.9088
2971	0.0534	0.9198
2972	0.0532	0.9218
2973	0.0522	0.9156
2974	0.0476	0.9198
2975	0.052	0.9186
2976	0.0602	0.9184
2977	0.0522	0.9118
2978	0.0396	0.9086
2979	0.0232	0.9088
2980	0.0162	0.9074
2981	0.0152	0.9062
2982	0.0086	0.9078
2983	0.0046	0.9196
2984	0.0068	0.917
2985	0.007	0.9206
2986	0.0036	0.92
2987	0.0004	0.9182
2988	0.0026	0.921
2989	0.0026	0.918
2990	0.0004	0.9086
2991	0.0148	0.9086
2992	0.0086	0.9112
2993	0.0004	0.9126
2994	0.0144	0.9128
2995	0.0126	0.9208
2996	0.0222	0.9206
2997	0.018	0.914
2998	0.0174	0.9148
2999	0.0008	0.9118
3000	0.0012	0.9112
3001	0.02	0.9062
3002	0.038	0.899
3003	0.026	0.8974
3004	0.018	0.8912
3005	0.0156	0.891
3006	0.0386	0.8974
3007	0.011	0.8948
3008	0.0254	0.9044
3009	0.0334	0.9004
3010	0.0306	0.9076
3011	0.0354	0.9098
3012	0.0116	0.9146
3013	0.0122	0.9134
3014	0.0056	0.9194
3015	0.0098	0.915
3016	0.0092	0.912
3017	0.0126	0.9088
3018	0.0268	0.9098
3019	0.016	0.905
3020	0.0302	0.9032
3021	0.0168	0.9042
3022	0.0124	0.9078
3023	0.0202	0.9022
3024	0.026	0.9028
3025	0.0502	0.9134
3026	0.0504	0.9076
3027	0.0624	0.9036
3028	0.0608	0.8998
3029	0.0488	0.9024
3030	0.0494	0.8996
3031	0.0408	0.9028
3032	0.0348	0.9102
3033	0.041	0.9124
3034	0.0366	0.8998
3035	0.0376	0.9076
3036	0.0416	0.9052
3037	0.0254	0.911
3038	0.0374	0.9048
3039	0.039	0.904
3040	0.0266	0.8978
3041	0.0442	0.9024
3042	0.04	0.9002
3043	0.0386	0.8964
3044	0.0358	0.9082
3045	0.0306	0.9064
3046	0.033	0.9094
3047	0.0248	0.9114
3048	0.0174	0.9132
3049	0.0118	0.9184
3050	0.0146	0.9174
3051	0.0126	0.9214
3052	0.0176	0.9224
3053	0.004	0.9234
3054	0.0028	0.9166
3055	0.0022	0.9108
3056	0.0156	0.9136
3057	0.0164	0.9124
3058	0.0012	0.9064
3059	0.0162	0.9174
3060	0.0216	0.9154
3061	0.024	0.9218
3062	0.0442	0.9226
3063	0.0568	0.9156
3064	0.0466	0.9138
3065	0.0494	0.9142
3066	0.0312	0.915
3067	0.016	0.9134
3068	0.0322	0.9182
3069	0.0334	0.9176
3070	0.0414	0.9136
3071	0.0466	0.91
3072	0.0534	0.909
3073	0.0466	0.9138
3074	0.0692	0.9102
3075	0.0648	0.9112
3076	0.0676	0.9168
3077	0.0428	0.912
3078	0.0268	0.913
3079	0.0446	0.9184
3080	0.0534	0.9172
3081	0.0504	0.9168
3082	0.0612	0.9148
3083	0.0408	0.9148
3084	0.0374	0.9166
3085	0.0308	0.9096
3086	0.0126	0.9178
3087	0.0208	0.915
3088	0.0154	0.9172
3089	0.0032	0.9266
3090	0.0076	0.9256
3091	0.0002	0.9212
3092	0.0036	0.92
3093	0.0106	0.9276
3094	0.0144	0.9164
3095	0.0128	0.9196
3096	0.0158	0.919
3097	0.0086	0.9252
3098	0.0016	0.9196
3099	0.0154	0.9218
3100	0.0202	0.9288
3101	0.016	0.9286
3102	0.0002	0.9268
3103	0.0044	0.9222
3104	0.0128	0.9172
3105	0.0292	0.9138
3106	0.0224	0.911
3107	0.0396	0.9166
3108	0.046	0.922
3109	0.06	0.922
3110	0.0656	0.9224
3111	0.0674	0.9246
3112	0.05	0.9196
3113	0.0372	0.9248
3114	0.0366	0.9288
3115	0.0462	0.9244
3116	0.0348	0.9184
3117	0.041	0.9194
3118	0.0458	0.9102
3119	0.052	0.914
3120	0.0568	0.9104
3121	0.0732	0.9102
3122	0.0702	0.9158
3123	0.0634	0.9128
3124	0.0694	0.9124
3125	0.0664	0.9068
3126	0.0656	0.9106
3127	0.047	0.9144
3128	0.0406	0.9068
3129	0.0296	0.9124
3130	0.0278	0.9098
3131	0.0166	0.902
3132	0.0124	0.9042
3133	0.0288	0.9064
3134	0.048	0.9016
3135	0.048	0.906
3136	0.054	0.8974
3137	0.0482	0.9064
3138	0.0572	0.911
3139	0.0696	0.9094
3140	0.0678	0.906
3141	0.0534	0.9036
3142	0.0586	0.9098
3143	0.079	0.9096
3144	0.0914	0.9048
3145	0.1116	0.909
3146	0.0966	0.9068
3147	0.1	0.9076
3148	0.1038	0.9106
3149	0.0882	0.9182
3150	0.0974	0.9162
3151	0.101	0.9208
3152	0.0992	0.9254
3153	0.0932	0.923
3154	0.0942	0.9176
3155	0.1006	0.9234
3156	0.1118	0.913
3157	0.1142	0.9082
3158	0.1	0.9066
3159	0.0942	0.9074
3160	0.1036	0.9056
3161	0.1034	0.9036
3162	0.1048	0.8902
3163	0.1066	0.8902
3164	0.0964	0.8866
3165	0.0884	0.891
3166	0.1054	0.8938
3167	0.1172	0.903
3168	0.1192	0.8962
3169	0.103	0.9154
3170	0.097	0.9158
3171	0.0932	0.914
3172	0.1102	0.9006
3173	0.0948	0.8968
3174	0.0796	0.9082
3175	0.0578	0.9108
3176	0.0556	0.9096
3177	0.046	0.907
3178	0.0216	0.9046
3179	0.0156	0.897
3180	0.0304	0.8934
3181	0.0014	0.8918
3182	0.0002	0.8938
3183	0.0004	0.891
3184	0.0028	0.8992
3185	0.0058	0.8984
3186	0.0144	0.9048
3187	0.0296	0.908
3188	0.0402	0.9098
3189	0.0638	0.907
3190	0.0598	0.907
3191	0.0692	0.9156
3192	0.0612	0.9242
3193	0.0552	0.9186
3194	0.057	0.9166
3195	0.048	0.9158
3196	0.084	0.9184
3197	0.0838	0.919
3198	0.094	0.9186
3199	0.0956	0.9186
3200	0.092	0.9134
3201	0.0888	0.9136
3202	0.0824	0.9132
3203	0.075	0.9084
3204	0.0768	0.9028
3205	0.0766	0.9078
3206	0.0802	0.8974
3207	0.1108	0.904
3208	0.1156	0.9076
3209	0.1124	0.9148
3210	0.117	0.9122
3211	0.1056	0.9022
3212	0.1332	0.901
3213	0.1318	0.9042
3214	0.1394	0.9072
3215	0.1414	0.9134
3216	0.1468	0.9144
3217	0.1274	0.9108
3218	0.1514	0.9174
3219	0.1594	0.9128
3220	0.158	0.9132
3221	0.149	0.9142
3222	0.157	0.9212
3223	0.1772	0.921
3224	0.1706	0.9228
3225	0.1564	0.9208
3226	0.162	0.9188
3227	0.1336	0.9164
3228	0.1366	0.915
3229	0.1408	0.9028
3230	0.1318	0.9014
3231	0.1176	0.8992
3232	0.1368	0.9094
3233	0.1256	0.9072
3234	0.1448	0.9054
3235	0.138	0.9078
3236	0.1572	0.9056
3237	0.1538	0.9018
3238	0.1608	0.91
3239	0.1486	0.9022
3240	0.1438	0.907
3241	0.1428	0.8948
3242	0.1442	0.8904
3243	0.1468	0.9008
3244	0.1372	0.9132
3245	0.142	0.9122
3246	0.1418	0.9206
3247	0.133	0.92
3248	0.127	0.9184
3249	0.1506	0.9158
3250	0.1434	0.913
3251	0.1364	0.909
3252	0.1382	0.9054
3253	0.1348	0.9104
3254	0.1254	0.9148
3255	0.1326	0.9098
3256	0.1232	0.9046
3257	0.1136	0.9
3258	0.1184	0.8988
3259	0.116	0.8998
3260	0.1022	0.8998
3261	0.1124	0.9076
3262	0.1208	0.909
3263	0.1094	0.905
3264	0.1252	0.9048
3265	0.131	0.9084
3266	0.12	0.904
3267	0.1178	0.9112
3268	0.1164	0.9096
3269	0.1192	0.916
3270	0.107	0.9066
3271	0.116	0.9044
3272	0.1034	0.9058
3273	0.091	0.9062
3274	0.0824	0.9086
3275	0.08	0.9082
3276	0.0628	0.9034
3277	0.0584	0.9012
3278	0.0562	0.902
3279	0.0616	0.9018
3280	0.0426	0.9026
3281	0.0552	0.9016
3282	0.0552	0.9062
3283	0.0586	0.9084
3284	0.0524	0.9082
3285	0.0456	0.9124
3286	0.05	0.911
3287	0.052	0.9128
3288	0.0602	0.9132
3289	0.065	0.9088
3290	0.0624	0.9054
3291	0.0544	0.9134
3292	0.0622	0.9154
3293	0.0652	0.914
3294	0.0552	0.9152
3295	0.0484	0.9104
3296	0.0344	0.9118
3297	0.0482	0.9082
3298	0.0464	0.9162
3299	0.054	0.9156
3300	0.0544	0.907
3301	0.0632	0.9058
3302	0.074	0.8994
3303	0.07	0.9096
3304	0.0496	0.9116
3305	0.046	0.915
3306	0.0298	0.9252
3307	0.0228	0.92
3308	0.0176	0.9192
3309	0.0048	0.9114
3310	0.0096	0.9146
3311	0.0046	0.9278
3312	0.0022	0.9226
3313	0.0132	0.911
3314	0.0102	0.9094
3315	0.0046	0.9072
3316	0.0158	0.9112
3317	0.014	0.9072
3318	0.0212	0.906
3319	0.006	0.908
3320	0.0046	0.9018
3321	0.0066	0.9062
3322	0.0182	0.9004
3323	0.0176	0.9138
3324	0.0046	0.9174
3325	0.015	0.915
3326	0.0062	0.9198
3327	0.0114	0.919
3328	0.0104	0.9154
3329	0.0016	0.9268
3330	0.0158	0.928
3331	0.011	0.9294
3332	0.0052	0.926
3333	0.003	0.9282
3334	0.0048	0.9276
3335	0.0018	0.9304
3336	0.0128	0.9266
3337	0.012	0.9246
3338	0.0174	0.9236
3339	0.0046	0.9268
3340	0.0046	0.9206
3341	0.0162	0.917
3342	0.0082	0.9192
3343	0.0184	0.9258
3344	0.019	0.9242
3345	0.0208	0.9262
3346	0.0376	0.9238
3347	0.0242	0.9202
3348	0.013	0.9216
3349	0.002	0.9192
3350	0.018	0.913
3351	0.0116	0.91
3352	0.0054	0.908
3353	0.0038	0.9122
3354	0.0054	0.9192
3355	0.0038	0.9228
3356	0.008	0.9142
3357	0.0084	0.914
3358	0.0236	0.915
3359	0.01	0.9124
3360	0.0028	0.918
3361	0.0028	0.9134
3362	0.0054	0.9214
3363	0.0226	0.9198
3364	0.0402	0.9156
3365	0.0446	0.9202
3366	0.0574	0.9082
3367	0.0572	0.9072
3368	0.079	0.914
3369	0.0782	0.9084
3370	0.067	0.9062
3371	0.0796	0.9098
3372	0.0498	0.9088
3373	0.0536	0.907
3374	0.051	0.907
3375	0.0348	0.9012
3376	0.0576	0.9026
3377	0.061	0.9124
3378	0.0556	0.9112
3379	0.062	0.9012
3380	0.0702	0.9008
3381	0.072	0.897
3382	0.0684	0.8974
3383	0.0762	0.8956
3384	0.0932	0.8988
3385	0.0884	0.9074
3386	0.0822	0.9098
3387	0.0868	0.9128
3388	0.0612	0.9096
3389	0.064	0.9122
3390	0.0806	0.9128
3391	0.0974	0.9134
3392	0.104	0.9186
3393	0.1002	0.9124
3394	0.0862	0.9146
3395	0.084	0.9164
3396	0.0974	0.9144
3397	0.1016	0.917
3398	0.092	0.9158
3399	0.0936	0.914
3400	0.0692	0.9188
3401	0.0846	0.9154
3402	0.0768	0.9136
3403	0.069	0.9232
3404	0.0812	0.9198
3405	0.083	0.9162
3406	0.0676	0.9068
3407	0.0662	0.9042
3408	0.068	0.9136
3409	0.0744	0.9076
3410	0.077	0.906
3411	0.075	0.913
3412	0.0642	0.9048
3413	0.0848	0.907
3414	0.077	0.9066
3415	0.0864	0.9032
3416	0.0988	0.9106
3417	0.088	0.9056
3418	0.079	0.9072
3419	0.0656	0.899
3420	0.063	0.8998
3421	0.0608	0.8984
3422	0.0572	0.9012
3423	0.048	0.914
3424	0.043	0.9144
3425	0.0418	0.9136
3426	0.0472	0.913
3427	0.0494	0.9166
3428	0.0472	0.9102
3429	0.0634	0.9144
3430	0.0554	0.9134
3431	0.0602	0.9138
3432	0.0666	0.9072
3433	0.0616	0.9026
3434	0.0672	0.9036
3435	0.078	0.9084
3436	0.0624	0.9066
3437	0.0546	0.908
3438	0.053	0.9072
3439	0.0766	0.9076
3440	0.067	0.913
3441	0.0578	0.9166
3442	0.0594	0.9174
3443	0.0624	0.921
3444	0.0666	0.926
3445	0.0722	0.9218
3446	0.0764	0.9102
3447	0.087	0.9124
3448	0.0976	0.9096
3449	0.1034	0.9082
3450	0.0944	0.92
3451	0.0748	0.9108
3452	0.0704	0.9148
3453	0.0876	0.9172
3454	0.0812	0.9156
3455	0.066	0.9088
3456	0.074	0.9112
3457	0.0676	0.9022
3458	0.05	0.9082
3459	0.0424	0.9066
3460	0.033	0.9102
3461	0.0394	0.9212
3462	0.0342	0.9152
3463	0.0576	0.9196
3464	0.0582	0.9244
3465	0.0682	0.9226
3466	0.0848	0.9188
3467	0.0636	0.9104
3468	0.069	0.9178
3469	0.0524	0.9212
3470	0.0636	0.9242
3471	0.059	0.9264
3472	0.0538	0.9234
3473	0.0568	0.922
3474	0.0436	0.9198
3475	0.0274	0.92
3476	0.0386	0.9152
3477	0.0472	0.9154
3478	0.0454	0.918
3479	0.0368	0.9126
3480	0.034	0.915
3481	0.031	0.9198
3482	0.0388	0.915
3483	0.0558	0.9204
3484	0.0528	0.9108
3485	0.0572	0.915
3486	0.06	0.9078
3487	0.0658	0.9098
3488	0.0538	0.9052
3489	0.0368	0.9002
3490	0.045	0.9048
3491	0.0528	0.91
3492	0.0782	0.9052
3493	0.075	0.9084
3494	0.0666	0.9094
3495	0.0616	0.9188
3496	0.0524	0.9248
3497	0.047	0.926
3498	0.051	0.9276
3499	0.0608	0.9242
3500	0.045	0.9132
3501	0.0226	0.9108
3502	0.0138	0.9148
3503	0.019	0.921
3504	0.045	0.9118
3505	0.0472	0.9084
3506	0.0262	0.911
3507	0.0366	0.907
3508	0.0372	0.9146
3509	0.0272	0.9182
3510	0.0348	0.9156
3511	0.0262	0.913
3512	0.054	0.915
3513	0.0694	0.9092
3514	0.0568	0.9114
3515	0.0716	0.9052
3516	0.0742	0.908
3517	0.0714	0.9084
3518	0.071	0.9104
3519	0.0722	0.9132
3520	0.084	0.9078
3521	0.0838	0.9018
3522	0.0814	0.904
3523	0.071	0.9054
3524	0.0692	0.907
3525	0.0522	0.909
3526	0.0698	0.9032
3527	0.0638	0.8918
3528	0.0576	0.8964
3529	0.0364	0.8904
3530	0.0236	0.8962
3531	0.0038	0.9082
3532	0.0128	0.9096
3533	0.0148	0.911
3534	0.0206	0.906
3535	0.0106	0.9056
3536	0.0098	0.913
3537	0.0204	0.909
3538	0.053	0.9128
3539	0.064	0.9062
3540	0.0672	0.911
3541	0.0526	0.9068
3542	0.0644	0.9118
3543	0.0596	0.9106
3544	0.0524	0.9098
3545	0.0446	0.9104
3546	0.0286	0.913
3547	0.0304	0.9132
3548	0.024	0.9078
3549	0.023	0.9104
3550	0.0226	0.9192
3551	0.0268	0.9134
3552	0.0252	0.9136
3553	0.028	0.9158
3554	0.0336	0.9156
3555	0.0492	0.9104
3556	0.057	0.9126
3557	0.0614	0.9124
3558	0.0566	0.9058
3559	0.063	0.9032
3560	0.0676	0.9056
3561	0.073	0.91
3562	0.0738	0.911
3563	0.071	0.907
3564	0.0802	0.9134
3565	0.0868	0.9012
3566	0.0776	0.907
3567	0.078	0.9076
3568	0.0752	0.9086
3569	0.0736	0.9076
3570	0.068	0.898
3571	0.0554	0.8946
3572	0.0494	0.9066
3573	0.0674	0.9092
3574	0.0502	0.9044
3575	0.0346	0.9068
3576	0.0376	0.9096
3577	0.0144	0.9216
3578	0.0206	0.9212
3579	0.0252	0.9222
3580	0.024	0.9182
3581	0.0178	0.9266
3582	0.0226	0.9204
3583	0.0336	0.9098
3584	0.0252	0.9146
3585	0.0326	0.912
3586	0.0104	0.9052
3587	0.0134	0.899
3588	0.0014	0.9054
3589	0.006	0.9096
3590	0.0026	0.9098
3591	0.0068	0.908
3592	0.0022	0.9054
3593	0.0044	0.903
3594	0.0112	0.908
3595	0.0204	0.9134
3596	0.0156	0.9124
3597	0.0304	0.9142
3598	0.005	0.9108
3599	0.011	0.914
3600	0.007	0.9172
3601	0.0066	0.9158
3602	0.0224	0.9214
3603	0.0248	0.9272
3604	0.0474	0.923
3605	0.0436	0.9226
3606	0.06	0.9218
3607	0.0602	0.9122
3608	0.0502	0.9148
3609	0.0618	0.9112
3610	0.0618	0.9092
3611	0.059	0.9068
3612	0.0626	0.9042
3613	0.0678	0.9088
3614	0.0664	0.902
3615	0.0734	0.8866
3616	0.0662	0.8888
3617	0.0628	0.878
3618	0.0692	0.8936
3619	0.065	0.9058
3620	0.0334	0.9064
3621	0.043	0.9088
3622	0.039	0.9106
3623	0.0572	0.9174
3624	0.0702	0.9166
3625	0.069	0.9214
3626	0.0656	0.9192
3627	0.085	0.9276
3628	0.1132	0.9236
3629	0.1134	0.9182
3630	0.1238	0.91
3631	0.1308	0.9112
3632	0.1304	0.914
3633	0.142	0.9174
3634	0.1418	0.9162
3635	0.1326	0.9098
3636	0.1272	0.9066
3637	0.128	0.9152
3638	0.106	0.9138
3639	0.103	0.9104
3640	0.0968	0.9112
3641	0.1126	0.9092
3642	0.1134	0.9092
3643	0.0958	0.91
3644	0.1242	0.9028
3645	0.1088	0.9024
3646	0.095	0.8958
3647	0.0978	0.8958
3648	0.1036	0.9052
3649	0.1066	0.898
3650	0.0918	0.8982
3651	0.0868	0.8896
3652	0.097	0.8926
3653	0.089	0.8956
3654	0.1058	0.8974
3655	0.0924	0.908
3656	0.071	0.898
3657	0.0522	0.897
3658	0.0432	0.897
3659	0.0424	0.8988
3660	0.05	0.9002
3661	0.0496	0.9008
3662	0.0582	0.9064
3663	0.048	0.9182
3664	0.0408	0.9162
3665	0.0594	0.912
3666	0.045	0.9202
3667	0.0408	0.9164
3668	0.046	0.9074
3669	0.0312	0.9068
3670	0.0284	0.9104
3671	0.03	0.9152
3672	0.0408	0.921
3673	0.0322	0.9182
3674	0.019	0.921
3675	0.023	0.9268
3676	0.0364	0.9276
3677	0.0254	0.918
3678	0	0.9138
3679	0.0002	0.9164
3680	0.0142	0.9206
3681	0.0176	0.9228
3682	0.0192	0.9158
3683	0.0158	0.9168
3684	0.022	0.921
3685	0.0372	0.918
3686	0.0124	0.9106
3687	0.0122	0.9156
3688	0.0074	0.9226
3689	0.0004	0.9204
3690	0.0046	0.9128
3691	0.0068	0.913
3692	0.0094	0.9208
3693	0.02	0.9158
3694	0.0062	0.9156
3695	0.0088	0.8966
3696	0.0078	0.9074
3697	0.0194	0.9018
3698	0.0238	0.915
3699	0.0256	0.9132
3700	0.0102	0.9142
3701	0.0012	0.9088
3702	0.026	0.9008
3703	0.0292	0.9088
3704	0.0308	0.9122
3705	0.0312	0.9132
3706	0.0252	0.913
3707	0.0354	0.919
3708	0.036	0.9166
3709	0.012	0.9128
3710	0.0282	0.9142
3711	0.0344	0.9226
3712	0.0568	0.9216
3713	0.0454	0.9154
3714	0.0414	0.9146
3715	0.0396	0.9114
3716	0.0444	0.9092
3717	0.0352	0.9076
3718	0.0202	0.9062
3719	0.0146	0.9092
3720	0.0216	0.9078
3721	0.0278	0.9078
3722	0.0266	0.9106
3723	0.0144	0.9118
3724	0.0312	0.9146
3725	0.0328	0.91
3726	0.0478	0.9056
3727	0.0396	0.9136
3728	0.047	0.9184
3729	0.0656	0.9224
3730	0.0704	0.919
3731	0.0704	0.9176
3732	0.057	0.9202
3733	0.046	0.9212
3734	0.0476	0.9166
3735	0.0574	0.9098
3736	0.0534	0.916
3737	0.0616	0.917
3738	0.0592	0.9204
3739	0.0686	0.9138
3740	0.0682	0.9064
3741	0.0736	0.8946
3742	0.0708	0.8974
3743	0.0836	0.8952
3744	0.0872	0.897
3745	0.073	0.9052
3746	0.0696	0.8992
3747	0.0568	0.9058
3748	0.0508	0.9048
3749	0.0638	0.9068
3750	0.053	0.9156
3751	0.0586	0.917
3752	0.0406	0.9194
3753	0.0398	0.9268
3754	0.036	0.9294
3755	0.0446	0.9238
3756	0.0536	0.924
3757	0.0384	0.9234
3758	0.044	0.9206
3759	0.0226	0.9134
3760	0.0218	0.9098
3761	0.039	0.9032
3762	0.054	0.9046
3763	0.054	0.9
3764	0.0532	0.9056
3765	0.0642	0.9048
3766	0.0578	0.9004
3767	0.065	0.9004
3768	0.0542	0.9124
3769	0.0522	0.9192
3770	0.0498	0.9246
3771	0.0514	0.9302
3772	0.0382	0.9242
3773	0.0418	0.924
3774	0.021	0.9206
3775	0.0018	0.9174
3776	0.0034	0.916
3777	0.0194	0.9208
3778	0.0184	0.9268
3779	0.0138	0.9258
3780	0.0012	0.9174
3781	0.0054	0.919
3782	0.0064	0.9224
3783	0.0106	0.9152
3784	0.028	0.9148
3785	0.011	0.92
3786	0.0096	0.9148
3787	0.0026	0.9128
3788	0.0066	0.923
3789	0.0034	0.9276
3790	0.0094	0.9196
3791	0.0048	0.9178
3792	0.0014	0.912
3793	0.0016	0.9152
3794	0.0088	0.9182
3795	0.0138	0.9164
3796	0.0154	0.908
3797	0.0106	0.9062
3798	0.0382	0.9112
3799	0.0698	0.9072
3800	0.0684	0.897
3801	0.0682	0.9058
3802	0.068	0.9054
3803	0.054	0.9058
3804	0.0438	0.903
3805	0.0628	0.9016
3806	0.0504	0.9128
3807	0.0458	0.9108
3808	0.0598	0.9116
3809	0.0616	0.9054
3810	0.0622	0.9128
3811	0.079	0.922
3812	0.0752	0.9054
3813	0.0704	0.9114
3814	0.0718	0.9166
3815	0.0868	0.9228
3816	0.0812	0.9204
3817	0.097	0.9226
3818	0.0846	0.9242
3819	0.1052	0.9254
3820	0.105	0.9172
3821	0.097	0.9192
3822	0.081	0.9244
3823	0.0782	0.9206
3824	0.0882	0.923
3825	0.0786	0.9242
3826	0.0794	0.9252
3827	0.0752	0.9222
3828	0.064	0.9154
3829	0.053	0.912
3830	0.0368	0.9122
3831	0.0276	0.9172
3832	0.0044	0.9174
3833	0.0068	0.914
3834	0.0116	0.9144
3835	0.0094	0.9186
3836	0.0006	0.9176
3837	0.0006	0.9312
3838	0.0008	0.9268
3839	0.0056	0.9248
3840	0.0154	0.9268
3841	0.0164	0.9284
3842	0.0112	0.9262
3843	0.02	0.9288
3844	0.0022	0.9176
3845	0.019	0.9176
3846	0.0234	0.9222
3847	0.0296	0.9184
3848	0.0462	0.9136
3849	0.0484	0.9124
3850	0.0488	0.9216
3851	0.041	0.9256
3852	0.057	0.9172
3853	0.0306	0.9192
3854	0.0268	0.914
3855	0.0242	0.9166
3856	0.025	0.9196
3857	0.0288	0.9154
3858	0.0276	0.914
3859	0.0202	0.9194
3860	0.0146	0.9174
3861	0.0108	0.9204
3862	0.0266	0.932
3863	0.0324	0.9186
3864	0.0454	0.92
3865	0.0594	0.9244
3866	0.0608	0.9246
3867	0.0436	0.9136
3868	0.0288	0.9168
3869	0.0314	0.9138
3870	0.0312	0.911
3871	0.0382	0.9048
3872	0.0374	0.9076
3873	0.027	0.922
3874	0.0216	0.9156
3875	0.0268	0.91
3876	0.0384	0.9026
3877	0.0416	0.912
3878	0.058	0.906
3879	0.0462	0.9092
3880	0.0516	0.9038
3881	0.0642	0.9006
3882	0.0718	0.9106
3883	0.0936	0.9134
3884	0.1026	0.9086
3885	0.0932	0.9078
3886	0.098	0.9158
3887	0.1086	0.9056
3888	0.118	0.8956
3889	0.1116	0.9034
3890	0.1192	0.9028
3891	0.1158	0.9024
3892	0.128	0.908
3893	0.1316	0.91
3894	0.1388	0.914
3895	0.135	0.9146
3896	0.1216	0.9094
3897	0.1178	0.916
3898	0.1198	0.9092
3899	0.1078	0.9056
3900	0.1128	0.9046
3901	0.0954	0.9076
3902	0.1028	0.9132
3903	0.1094	0.9182
3904	0.1146	0.9198
3905	0.1306	0.929
3906	0.1512	0.923
3907	0.1482	0.9112
3908	0.147	0.9154
3909	0.1486	0.9152
3910	0.1636	0.9158
3911	0.152	0.9046
3912	0.1468	0.9168
3913	0.1478	0.9088
3914	0.1432	0.9052
3915	0.1568	0.9172
3916	0.1574	0.9188
3917	0.1366	0.9232
3918	0.1458	0.9268
3919	0.151	0.9278
3920	0.1444	0.9198
3921	0.1444	0.921
3922	0.1206	0.9192
3923	0.1084	0.9194
3924	0.1072	0.9204
3925	0.1216	0.9252
3926	0.1202	0.9214
3927	0.1314	0.9146
3928	0.1216	0.9144
3929	0.1262	0.9124
3930	0.124	0.9088
3931	0.126	0.8982
3932	0.117	0.908
3933	0.117	0.9098
3934	0.1096	0.9172
3935	0.1216	0.9116
3936	0.1312	0.8992
3937	0.1496	0.9008
3938	0.1614	0.9004
3939	0.1564	0.91
3940	0.1516	0.9174
3941	0.14	0.9182
3942	0.1342	0.919
3943	0.1154	0.9232
3944	0.1258	0.9202
3945	0.116	0.9162
3946	0.1188	0.9128
3947	0.1364	0.9034
3948	0.1488	0.9048
3949	0.1578	0.8992
3950	0.1564	0.9028
3951	0.1696	0.9046
3952	0.1452	0.9114
3953	0.1302	0.9064
3954	0.1204	0.9068
3955	0.1248	0.9038
3956	0.1166	0.9012
3957	0.1064	0.9142
3958	0.11	0.9148
3959	0.1302	0.9168
3960	0.1296	0.91
3961	0.1192	0.9184
3962	0.1068	0.9152
3963	0.12	0.9128
3964	0.1178	0.9068
3965	0.132	0.9072
3966	0.1218	0.9088
3967	0.1276	0.909
3968	0.1346	0.916
3969	0.1478	0.9074
3970	0.1636	0.9112
3971	0.1598	0.9108
3972	0.1472	0.907
3973	0.144	0.913
3974	0.1244	0.9078
3975	0.1432	0.9094
3976	0.1396	0.9158
3977	0.128	0.9134
3978	0.1378	0.9102
3979	0.1468	0.9094
3980	0.148	0.9124
3981	0.1344	0.9072
3982	0.1242	0.901
3983	0.1032	0.9074
3984	0.093	0.9138
3985	0.0848	0.9172
3986	0.1048	0.9096
3987	0.1006	0.9166
3988	0.1006	0.9158
3989	0.0758	0.9226
3990	0.077	0.921
3991	0.0724	0.9114
3992	0.0586	0.9058
3993	0.0586	0.9078
3994	0.06	0.9062
3995	0.064	0.9094
3996	0.078	0.9008
3997	0.0768	0.9046
3998	0.0734	0.9184
3999	0.0802	0.9072
4000	0.0938	0.903
4001	0.09	0.91
4002	0.0876	0.9098
4003	0.0926	0.9106
4004	0.0834	0.911
4005	0.0932	0.9084
4006	0.0874	0.9172
4007	0.1006	0.9158
4008	0.1168	0.9214
4009	0.0902	0.9202
4010	0.1012	0.9136
4011	0.1194	0.9028
4012	0.1154	0.8958
4013	0.1	0.9018
4014	0.0874	0.9064
4015	0.0716	0.9018
4016	0.0858	0.8986
4017	0.0928	0.8972
4018	0.105	0.9106
4019	0.0968	0.9056
4020	0.0968	0.9038
4021	0.0742	0.8996
4022	0.0854	0.9084
4023	0.0858	0.9138
4024	0.097	0.9192
4025	0.1034	0.9274
4026	0.1082	0.9258
4027	0.1262	0.9234
4028	0.125	0.9168
4029	0.1228	0.9094
4030	0.1078	0.9182
4031	0.1082	0.9136
4032	0.126	0.9108
4033	0.1114	0.9204
4034	0.1178	0.9186
4035	0.1264	0.9174
4036	0.1418	0.9186
4037	0.1306	0.9164
4038	0.147	0.9162
4039	0.1558	0.9028
4040	0.155	0.9112
4041	0.1654	0.9152
4042	0.163	0.9166
4043	0.1444	0.9186
4044	0.1352	0.9196
4045	0.1478	0.9162
4046	0.157	0.913
4047	0.165	0.9068
4048	0.1738	0.9136
4049	0.1834	0.9106
4050	0.1708	0.9072
4051	0.1648	0.9054
4052	0.1678	0.897
4053	0.149	0.8934
4054	0.1466	0.9028
4055	0.1418	0.9016
4056	0.144	0.8984
4057	0.1292	0.9026
4058	0.1438	0.8988
4059	0.1452	0.8902
4060	0.1634	0.8942
4061	0.1554	0.8926
4062	0.1552	0.8926
4063	0.1534	0.8984
4064	0.139	0.8972
4065	0.1304	0.9094
4066	0.1152	0.914
4067	0.1182	0.9168
4068	0.1274	0.9158
4069	0.1268	0.9166
4070	0.1364	0.9242
4071	0.127	0.929
4072	0.1248	0.9312
4073	0.126	0.9258
4074	0.1114	0.9192
4075	0.1124	0.9192
4076	0.1166	0.9202
4077	0.1038	0.9174
4078	0.0966	0.916
4079	0.1044	0.92
4080	0.1064	0.9144
4081	0.1086	0.9086
4082	0.103	0.9102
4083	0.105	0.9218
4084	0.1162	0.9224
4085	0.1126	0.922
4086	0.1028	0.9014
4087	0.078	0.9004
4088	0.0792	0.909
4089	0.098	0.902
4090	0.0884	0.9044
4091	0.0694	0.9066
4092	0.0654	0.9114
4093	0.0676	0.906
4094	0.0828	0.9024
4095	0.1	0.914
4096	0.0738	0.9106
4097	0.0876	0.9164
4098	0.0754	0.9134
4099	0.0576	0.9106
4100	0.0642	0.9138
4101	0.0502	0.9086
4102	0.0526	0.908
4103	0.0262	0.9132
4104	0.0304	0.92
4105	0.03	0.918
4106	0.0034	0.9114
4107	0.0006	0.912
4108	0.0134	0.91
4109	0.0012	0.907
4110	0.004	0.907
4111	0.0226	0.9018
4112	0.0122	0.9124
4113	0.0162	0.9074
4114	0.0012	0.9118
4115	0.0096	0.9022
4116	0.012	0.9062
4117	0.0302	0.914
4118	0.0292	0.921
4119	0.03	0.9232
4120	0.0228	0.9234
4121	0.0016	0.9252
4122	0.0092	0.9244
4123	0.0156	0.9178
4124	0.009	0.92
4125	0.003	0.9218
4126	0.0128	0.9272
4127	0.013	0.9302
4128	0.0104	0.9318
4129	0.0192	0.9338
4130	0.0264	0.9268
4131	0.0328	0.9276
4132	0.0126	0.9242
4133	0.027	0.9222
4134	0.0008	0.9252
4135	0.006	0.917
4136	0.009	0.9214
4137	0.0052	0.9208
4138	0.0056	0.9064
4139	0.0104	0.9136
4140	0.0116	0.9114
4141	0.0214	0.912
4142	0.0142	0.9012
4143	0.0236	0.9084
4144	0.0308	0.9088
4145	0.0068	0.9042
4146	0.0114	0.9064
4147	0.017	0.9158
4148	0.0142	0.9152
4149	0.0016	0.9124
4150	0.019	0.9086
4151	0.0068	0.9096
4152	0.017	0.905
4153	0.0114	0.9126
4154	0.0178	0.9098
4155	0.0028	0.9108
4156	0.0146	0.916
4157	0.0208	0.9168
4158	0.0232	0.917
4159	0.053	0.9108
4160	0.0518	0.9086
4161	0.042	0.918
4162	0.0446	0.9152
4163	0.0538	0.9154
4164	0.044	0.9106
4165	0.0284	0.9174
4166	0.0304	0.9188
4167	0.0254	0.9214
4168	0.0418	0.9208
4169	0.034	0.9132
4170	0.0484	0.916
4171	0.052	0.9106
4172	0.0624	0.9134
4173	0.0704	0.9022
4174	0.0774	0.9064
4175	0.095	0.9098
4176	0.1006	0.9118
4177	0.0942	0.9086
4178	0.071	0.911
4179	0.0502	0.909
4180	0.046	0.9114
4181	0.0456	0.9018
4182	0.0362	0.8988
4183	0.023	0.894
4184	0.0162	0.9012
4185	0.0198	0.9044
4186	0.0328	0.9002
4187	0.0436	0.9024
4188	0.0504	0.9066
4189	0.056	0.8988
4190	0.0564	0.891
4191	0.0502	0.8948
4192	0.035	0.9
4193	0.0256	0.8934
4194	0.0148	0.8804
4195	0.0102	0.8796
4196	0.0288	0.884
4197	0.0536	0.8886
4198	0.05	0.8836
4199	0.0222	0.8924
4200	0.001	0.8922
4201	0.0102	0.8962
4202	0.0234	0.8962
4203	0.0144	0.8958
4204	0.0134	0.9018
4205	0.0104	0.908
4206	0.0076	0.9062
4207	0.004	0.9092
4208	0.0208	0.9016
4209	0.0188	0.8952
4210	0.0124	0.8964
4211	0.0174	0.909
4212	0.019	0.9028
4213	0.0104	0.9072
4214	0.0252	0.9062
4215	0.0254	0.9
4216	0.0156	0.9014
4217	0.0192	0.9126
4218	0.0198	0.9074
4219	0.0102	0.908
4220	0.0098	0.9154
4221	0.0182	0.9202
4222	0.026	0.9244
4223	0.0372	0.916
4224	0.038	0.9202
4225	0.0474	0.919
4226	0.053	0.9226
4227	0.0508	0.9194
4228	0.0564	0.9176
4229	0.0478	0.916
4230	0.031	0.9082
4231	0.02	0.912
4232	0.0348	0.917
4233	0.0462	0.9162
4234	0.0534	0.916
4235	0.0424	0.9012
4236	0.0456	0.8966
4237	0.0446	0.8964
4238	0.0534	0.911
4239	0.0386	0.9152
4240	0.023	0.9174
4241	0.0172	0.9238
4242	0.0196	0.9272
4243	0.0212	0.9266
4244	0.034	0.927
4245	0.045	0.9192
4246	0.0482	0.9114
4247	0.0584	0.9174
4248	0.0418	0.9138
4249	0.0342	0.9178
4250	0.0482	0.9164
4251	0.0264	0.9126
4252	0.0398	0.9094
4253	0.0414	0.9112
4254	0.045	0.9046
4255	0.0504	0.906
4256	0.0608	0.9148
4257	0.0386	0.9224
4258	0.0374	0.9174
4259	0.0494	0.9126
4260	0.041	0.9162
4261	0.0334	0.9172
4262	0.038	0.9168
4263	0.0464	0.9188
4264	0.049	0.915
4265	0.0538	0.9088
4266	0.0488	0.9106
4267	0.0362	0.9154
4268	0.0478	0.925
4269	0.0426	0.924
4270	0.06	0.9282
4271	0.0646	0.9324
4272	0.0632	0.9272
4273	0.0334	0.9294
4274	0.0282	0.9234
4275	0.053	0.9194
4276	0.0592	0.9262
4277	0.0686	0.9276
4278	0.0604	0.9246
4279	0.0536	0.9218
4280	0.0556	0.9146
4281	0.0594	0.9136
4282	0.0504	0.913
4283	0.0516	0.918
4284	0.0508	0.9148
4285	0.057	0.9212
4286	0.0472	0.9134
4287	0.029	0.9192
4288	0.0052	0.9214
4289	0.0042	0.9182
4290	0.0166	0.9126
4291	0.0222	0.9176
4292	0.0296	0.914
4293	0.027	0.9222
4294	0.023	0.9188
4295	0.0112	0.9146
4296	0.0284	0.9204
4297	0.0154	0.9158
4298	0.0038	0.9148
4299	0.0138	0.9206
4300	0.0064	0.9152
4301	0.026	0.9096
4302	0.0272	0.9118
4303	0.0118	0.9102
4304	0.0304	0.915
4305	0.0046	0.9186
4306	0.0038	0.9186
4307	0.0134	0.9132
4308	0.002	0.92
4309	0.0018	0.9164
4310	0.0142	0.9192
4311	0.01	0.9278
4312	0.0062	0.9156
4313	0.011	0.9184
4314	0.0088	0.919
4315	0.0142	0.9176
4316	0.0224	0.9144
4317	0.034	0.9182
4318	0.0654	0.915
4319	0.0826	0.9126
4320	0.0824	0.9134
4321	0.0652	0.9124
4322	0.0436	0.9122
4323	0.0542	0.9222
4324	0.0616	0.9254
4325	0.054	0.9196
4326	0.0678	0.907
4327	0.085	0.9118
4328	0.0674	0.91
4329	0.0656	0.915
4330	0.0444	0.9126
4331	0.0288	0.9182
4332	0.0334	0.916
4333	0.0282	0.917
4334	0.0288	0.9174
4335	0.0264	0.9094
4336	0.0168	0.919
4337	0.001	0.9118
4338	0.0086	0.9106
4339	0.0134	0.9044
4340	0.0288	0.9136
4341	0.025	0.9212
4342	0.0236	0.9178
4343	0.0254	0.915
4344	0.0262	0.9108
4345	0.0126	0.9074
4346	0.0188	0.9068
4347	0.0008	0.9158
4348	0.0156	0.912
4349	0.009	0.9092
4350	0.012	0.9102
4351	0.0114	0.9064
4352	0.0108	0.8966
4353	0.0158	0.896
4354	0.0264	0.893
4355	0.0362	0.8942
4356	0.0444	0.8948
4357	0.0212	0.8952
4358	0.0136	0.89
4359	0.0072	0.8962
4360	0.008	0.9046
4361	0.0182	0.8974
4362	0.0048	0.899
4363	0.0132	0.8922
4364	0.0262	0.8838
4365	0.0312	0.8878
4366	0.0396	0.8928
4367	0.0356	0.8928
4368	0.0498	0.9006
4369	0.069	0.9006
4370	0.0484	0.9048
4371	0.0556	0.9034
4372	0.0562	0.9084
4373	0.0466	0.9076
4374	0.0398	0.9092
4375	0.041	0.9126
4376	0.0438	0.9114
4377	0.0646	0.9048
4378	0.0284	0.9148
4379	0.0068	0.9066
4380	0.0044	0.9132
4381	0.0002	0.9202
4382	0.015	0.9152
4383	0.0458	0.9094
4384	0.03	0.9112
4385	0.035	0.9124
4386	0.0448	0.9156
4387	0.0234	0.9148
4388	0.0198	0.917
4389	0.0264	0.9158
4390	0.0322	0.9192
4391	0.0358	0.91
4392	0.0026	0.9066
4393	0.0346	0.9102
4394	0.0306	0.9076
4395	0.0196	0.9146
4396	0.0174	0.9152
4397	0.0186	0.9158
4398	0.0216	0.9192
4399	0.0222	0.927
4400	0.0474	0.9138
4401	0.0416	0.909
4402	0.0302	0.9116
4403	0.0182	0.912
4404	0.0034	0.9198
4405	0.0182	0.9194
4406	0.0038	0.9182
4407	0.0038	0.9156
4408	0.0178	0.9156
4409	0.0154	0.91
4410	0.0106	0.914
4411	0.0118	0.909
4412	0.012	0.9218
4413	0.0206	0.9268
4414	0.024	0.9202
4415	0.0076	0.924
4416	0.004	0.9256
4417	0.0156	0.917
4418	0.0074	0.9142
4419	0.0006	0.9118
4420	0.0026	0.9126
4421	0.0068	0.9102
4422	0.0148	0.9064
4423	0.0246	0.9114
4424	0.0134	0.916
4425	0.0228	0.9146
4426	0.0078	0.916
4427	0.007	0.9098
4428	0.017	0.9118
4429	0.015	0.9112
4430	0.0002	0.9124
4431	0.0156	0.9136
4432	0.0048	0.913
4433	0.0202	0.9072
4434	0.0224	0.8994
4435	0.0258	0.9046
4436	0.034	0.91
4437	0.0348	0.9088
4438	0.0244	0.9172
4439	0.0294	0.9162
4440	0.0332	0.9108
4441	0.0216	0.928
4442	0.0028	0.9276
4443	0.0042	0.9212
4444	0.006	0.9226
4445	0.015	0.9234
4446	0.02	0.926
4447	0.0098	0.9202
4448	0.0018	0.926
4449	0.0004	0.9192
4450	0.0018	0.9238
4451	0.002	0.92
4452	0.0134	0.9188
4453	0.023	0.92
4454	0.026	0.9134
4455	0.0422	0.921
4456	0.03	0.9184
4457	0.0348	0.9214
4458	0.0532	0.922
4459	0.042	0.9152
4460	0.0174	0.9204
4461	0.0246	0.92
4462	0.0086	0.9232
4463	0.0338	0.9202
4464	0.0302	0.9152
4465	0.0154	0.9168
4466	0.0016	0.9146
4467	0.0112	0.9164
4468	0.0276	0.9206
4469	0.0394	0.9224
4470	0.0434	0.9212
4471	0.016	0.9182
4472	0.0074	0.9242
4473	0.0102	0.923
4474	0.0046	0.923
4475	0.0124	0.9152
4476	0.0212	0.9164
4477	0.0138	0.9194
4478	0.0058	0.9202
4479	0.0154	0.9158
4480	0.0146	0.9206
4481	0.0006	0.9122
4482	0.0032	0.917
4483	0.0052	0.918
4484	0.0052	0.9178
4485	0.0008	0.9188
4486	0.0204	0.917
4487	0.0056	0.922
4488	0.0146	0.9242
4489	0.0118	0.9158
4490	0.0158	0.9128
4491	0.0426	0.912
4492	0.0598	0.9104
4493	0.0436	0.9114
4494	0.04	0.9112
4495	0.0414	0.9256
4496	0.0488	0.9204
4497	0.0392	0.9044
4498	0.028	0.9066
4499	0.0368	0.9136
4500	0.0204	0.92
4501	0.0286	0.9218
4502	0.0198	0.9216
4503	0.037	0.9168
4504	0.0514	0.911
4505	0.0676	0.9056
4506	0.0504	0.91
4507	0.0454	0.9186
4508	0.0504	0.9114
4509	0.04	0.9214
4510	0.0276	0.9146
4511	0.0454	0.9252
4512	0.0418	0.9216
4513	0.0538	0.9148
4514	0.0532	0.9178
4515	0.0504	0.9132
4516	0.0372	0.9068
4517	0.023	0.9004
4518	0.0344	0.8954
4519	0.0278	0.8924
4520	0.0132	0.8958
4521	0.0226	0.9014
4522	0.0194	0.8942
4523	0.0292	0.9022
4524	0.0296	0.9042
4525	0.0494	0.9084
4526	0.0518	0.9032
4527	0.0716	0.9072
4528	0.062	0.9018
4529	0.047	0.8998
4530	0.043	0.91
4531	0.0344	0.9096
4532	0.0282	0.9192
4533	0.041	0.925
4534	0.056	0.9206
4535	0.0536	0.9122
4536	0.0662	0.9146
4537	0.0438	0.9236
4538	0.0422	0.921
4539	0.0334	0.9198
4540	0.0508	0.919
4541	0.0448	0.909
4542	0.0414	0.9148
4543	0.039	0.9276
4544	0.033	0.9242
4545	0.0436	0.924
4546	0.038	0.9204
4547	0.0358	0.9198
4548	0.0298	0.9138
4549	0.033	0.9076
4550	0.0278	0.9146
4551	0.037	0.9166
4552	0.0402	0.9206
4553	0.0388	0.9234
4554	0.0296	0.9156
4555	0.0102	0.9202
4556	0.0022	0.9232
4557	0.0006	0.918
4558	0.0064	0.909
4559	0.0356	0.9144
4560	0.031	0.9172
4561	0.023	0.9088
4562	0.0196	0.9004
4563	0.0156	0.8958
4564	0.011	0.897
4565	0.0148	0.9002
4566	0.0114	0.8998
4567	0.0126	0.906
4568	0.0158	0.903
4569	0.0302	0.8876
4570	0.0336	0.8964
4571	0.046	0.8982
4572	0.0514	0.9016
4573	0.0488	0.9018
4574	0.0434	0.9078
4575	0.0486	0.9058
4576	0.0228	0.9018
4577	0.0194	0.8988
4578	0.0282	0.8924
4579	0.0238	0.8904
4580	0.0192	0.8922
4581	0.0276	0.8974
4582	0.0092	0.9146
4583	0.0102	0.9088
4584	0.0046	0.9132
4585	0.0058	0.909
4586	0.0068	0.9088
4587	0.0016	0.9102
4588	0.0068	0.914
4589	0.0022	0.917
4590	0.004	0.9174
4591	0.0026	0.9208
4592	0.012	0.9226
4593	0.0132	0.9234
4594	0.0164	0.915
4595	0.013	0.9138
4596	0.0178	0.9124
4597	0.0056	0.9218
4598	0.0038	0.918
4599	0.0188	0.92
4600	0.0224	0.9166
4601	0.0048	0.9182
4602	0.0126	0.917
4603	0.0134	0.9164
4604	0.0134	0.9162
4605	0.0184	0.908
4606	0.0116	0.9084
4607	0.0082	0.9202
4608	0.0124	0.9198
4609	0.0002	0.9206
4610	0.0076	0.925
4611	0.0042	0.9172
4612	0.0046	0.9194
4613	0.0058	0.9208
4614	0.0122	0.925
4615	0.0092	0.9144
4616	0.0016	0.909
4617	0.0202	0.9104
4618	0.0368	0.9216
4619	0.0266	0.9152
4620	0.011	0.9196
4621	0.0116	0.9254
4622	0.0038	0.9198
4623	0.0098	0.921
4624	0.0008	0.9238
4625	0.01	0.9208
4626	0.009	0.9184
4627	0.0136	0.9136
4628	0.0154	0.909
4629	0.0094	0.9082
4630	0.0078	0.9012
4631	0.0026	0.9032
4632	0.0034	0.9006
4633	0.0072	0.8986
4634	0.0042	0.907
4635	0.002	0.912
4636	0.0078	0.9136
4637	0.0192	0.9136
4638	0.0208	0.912
4639	0.0184	0.9076
4640	0.009	0.9156
4641	0.0322	0.9192
4642	0.0446	0.9156
4643	0.0534	0.9126
4644	0.05	0.9092
4645	0.069	0.9078
4646	0.0538	0.9114
4647	0.0316	0.9092
4648	0.0298	0.9042
4649	0.039	0.9002
4650	0.0382	0.9018
4651	0.0432	0.902
4652	0.0462	0.8982
4653	0.0556	0.9038
4654	0.0654	0.9054
4655	0.0592	0.9034
4656	0.0616	0.8968
4657	0.0544	0.9002
4658	0.0714	0.9036
4659	0.0758	0.9048
4660	0.0766	0.907
4661	0.0798	0.9106
4662	0.0814	0.9134
4663	0.0908	0.9204
4664	0.099	0.9104
4665	0.0902	0.9096
4666	0.0804	0.9088
4667	0.0768	0.9086
4668	0.0708	0.9062
4669	0.065	0.909
4670	0.081	0.907
4671	0.0862	0.8992
4672	0.0716	0.8966
4673	0.0738	0.8964
4674	0.0898	0.895
4675	0.103	0.8946
4676	0.0976	0.8954
4677	0.1156	0.8912
4678	0.1234	0.901
4679	0.1306	0.899
4680	0.144	0.8944
4681	0.1348	0.8972
4682	0.129	0.9066
4683	0.129	0.9032
4684	0.134	0.9062
4685	0.1232	0.9018
4686	0.1142	0.898
4687	0.1128	0.9054
4688	0.1158	0.9098
4689	0.078	0.9136
4690	0.0826	0.916
4691	0.0974	0.914
4692	0.0982	0.909
4693	0.103	0.9172
4694	0.0898	0.916
4695	0.0758	0.9196
4696	0.0756	0.9168
4697	0.0686	0.9128
4698	0.0784	0.9144
4699	0.085	0.9148
4700	0.079	0.9166
4701	0.0968	0.9146
4702	0.088	0.9198
4703	0.098	0.9136
4704	0.074	0.918
4705	0.0626	0.913
4706	0.063	0.9142
4707	0.0728	0.9144
4708	0.0634	0.915
4709	0.0584	0.912
4710	0.0506	0.9046
4711	0.049	0.9056
4712	0.045	0.9088
4713	0.0236	0.906
4714	0.0138	0.9018
4715	0.0202	0.9098
4716	0.0382	0.9086
4717	0.0344	0.9122
4718	0.0326	0.9062
4719	0.0422	0.9066
4720	0.052	0.9042
4721	0.0392	0.908
4722	0.0322	0.9078
4723	0.019	0.9066
4724	0.023	0.9094
4725	0.0352	0.9132
4726	0.034	0.9188
4727	0.0512	0.9194
4728	0.0594	0.9172
4729	0.067	0.9262
4730	0.0808	0.9276
4731	0.0714	0.924
4732	0.0728	0.9222
4733	0.0498	0.9244
4734	0.0698	0.917
4735	0.0704	0.9184
4736	0.076	0.9192
4737	0.0782	0.9134
4738	0.0726	0.909
4739	0.0646	0.9188
4740	0.077	0.9196
4741	0.077	0.9226
4742	0.065	0.9216
4743	0.0856	0.9188
4744	0.0818	0.9108
4745	0.089	0.9094
4746	0.0764	0.9134
4747	0.076	0.9092
4748	0.0742	0.9072
4749	0.0732	0.908
4750	0.0954	0.9128
4751	0.1	0.914
4752	0.0838	0.9136
4753	0.0766	0.919
4754	0.0828	0.9116
4755	0.0764	0.9084
4756	0.059	0.9046
4757	0.0664	0.9082
4758	0.0632	0.9182
4759	0.0878	0.9242
4760	0.081	0.9172
4761	0.057	0.9206
4762	0.0554	0.9232
4763	0.0368	0.9192
4764	0.0412	0.9198
4765	0.0718	0.919
4766	0.073	0.9214
4767	0.072	0.9194
4768	0.0836	0.924
4769	0.0886	0.9206
4770	0.072	0.9124
4771	0.0606	0.9104
4772	0.0512	0.914
4773	0.0482	0.9158
4774	0.057	0.9092
4775	0.0548	0.9156
4776	0.0532	0.9202
4777	0.0444	0.917
4778	0.0594	0.9068
4779	0.0548	0.9096
4780	0.0588	0.9102
4781	0.0572	0.9094
4782	0.0548	0.9084
4783	0.053	0.9086
4784	0.045	0.901
4785	0.0348	0.9104
4786	0.0344	0.9124
4787	0.015	0.918
4788	0.0144	0.9134
4789	0.0248	0.9176
4790	0.0308	0.9114
4791	0.0286	0.907
4792	0.0184	0.9092
4793	0.0076	0.9044
4794	0.0138	0.9054
4795	0.009	0.9024
4796	0.0006	0.9048
4797	0.0006	0.903
4798	0.0002	0.8892
4799	0.0062	0.8966
4800	0.004	0.899
4801	0.0006	0.9056
4802	0.0008	0.9108
4803	0.005	0.9108
4804	0.0036	0.9162
4805	0.0004	0.9172
4806	0.0028	0.9214
4807	0.0014	0.9216
4808	0.016	0.9254
4809	0.0246	0.9216
4810	0.0306	0.9162
4811	0.0262	0.9038
4812	0.0248	0.905
4813	0.0268	0.9046
4814	0.0228	0.9134
4815	0.008	0.91
4816	0.0086	0.9098
4817	0.0018	0.9054
4818	0.004	0.9036
4819	0.013	0.9114
4820	0.0164	0.9172
4821	0.0242	0.9224
4822	0.0226	0.9166
4823	0.0174	0.9148
4824	0.0246	0.9172
4825	0.023	0.9202
4826	0.0212	0.9124
4827	0.0214	0.9196
4828	0.0234	0.92
4829	0.0138	0.9168
4830	0.017	0.9194
4831	0.0082	0.9196
4832	0.017	0.9232
4833	0.0114	0.9216
4834	0.0026	0.9246
4835	0.003	0.9228
4836	0.01	0.9228
4837	0.0022	0.9246
4838	0.0082	0.9194
4839	0.021	0.9234
4840	0.0304	0.9192
4841	0.0376	0.9136
4842	0.0298	0.9154
4843	0.0346	0.908
4844	0.0214	0.91
4845	0.0216	0.9102
4846	0.039	0.9152
4847	0.0286	0.9144
4848	0.0174	0.9202
4849	0.0114	0.9234
4850	0.0224	0.9168
4851	0.021	0.9166
4852	0.0316	0.9162
4853	0.0186	0.9144
4854	0.0326	0.9172
4855	0.0336	0.92
4856	0.0266	0.9224
4857	0.024	0.9164
4858	0.028	0.9104
4859	0.0116	0.9084
4860	0.0184	0.9112
4861	0.0436	0.9016
4862	0.0548	0.9096
4863	0.0642	0.9168
4864	0.067	0.9184
4865	0.051	0.9182
4866	0.0452	0.9262
4867	0.0524	0.9198
4868	0.0522	0.9242
4869	0.04	0.9146
4870	0.046	0.9122
4871	0.046	0.9092
4872	0.0372	0.9124
4873	0.0468	0.9144
4874	0.0596	0.919
4875	0.068	0.9174
4876	0.057	0.9176
4877	0.0468	0.913
4878	0.035	0.9046
4879	0.0332	0.9024
4880	0.0556	0.906
4881	0.0852	0.907
4882	0.0698	0.911
4883	0.0694	0.9138
4884	0.078	0.9178
4885	0.0692	0.923
4886	0.0762	0.915
4887	0.061	0.9166
4888	0.0856	0.922
4889	0.0834	0.9222
4890	0.079	0.927
4891	0.086	0.9244
4892	0.0996	0.9226
4893	0.08	0.9202
4894	0.0848	0.918
4895	0.097	0.9142
4896	0.0936	0.916
4897	0.101	0.9228
4898	0.0948	0.9132
4899	0.1006	0.9122
4900	0.1036	0.9154
4901	0.098	0.9078
4902	0.0968	0.9166
4903	0.09	0.9208
4904	0.0806	0.9206
4905	0.0792	0.9214
4906	0.0726	0.9346
4907	0.0914	0.9302
4908	0.1104	0.9316
4909	0.088	0.925
4910	0.1062	0.9224
4911	0.088	0.9116
4912	0.082	0.9178
4913	0.0798	0.9048
4914	0.077	0.9032
4915	0.0688	0.9072
4916	0.0716	0.9074
4917	0.0628	0.9124
4918	0.068	0.901
4919	0.0836	0.8974
4920	0.1004	0.8992
4921	0.099	0.9004
4922	0.0864	0.9072
4923	0.0744	0.9068
4924	0.083	0.907
4925	0.069	0.909
4926	0.0714	0.9088
4927	0.076	0.906
4928	0.0608	0.9082
4929	0.0674	0.9072
4930	0.0546	0.9146
4931	0.0756	0.91
4932	0.0572	0.9064
4933	0.0388	0.9054
4934	0.0402	0.905
4935	0.0532	0.9072
4936	0.0364	0.912
4937	0.03	0.914
4938	0.0296	0.908
4939	0.0286	0.9034
4940	0.0224	0.9028
4941	0.0254	0.9024
4942	0.0458	0.907
4943	0.0312	0.9068
4944	0.0254	0.908
4945	0.0414	0.9112
4946	0.038	0.9168
4947	0.0338	0.9092
4948	0.0148	0.9112
4949	0.0048	0.9134
4950	0.0036	0.9222
4951	0.0038	0.924
4952	0.016	0.9168
4953	0.0138	0.9196
4954	0.0298	0.9114
4955	0.0356	0.9068
4956	0.0214	0.9116
4957	0.0284	0.9142
4958	0.028	0.9142
4959	0.0172	0.9098
4960	0.0046	0.9054
4961	0.0206	0.8964
4962	0.021	0.9004
4963	0.0178	0.9022
4964	0.0112	0.8998
4965	0.02	0.9006
4966	0.0108	0.8996
4967	0.0172	0.8968
4968	0.011	0.9044
4969	0.0272	0.9062
4970	0.0412	0.9066
4971	0.0304	0.9036
4972	0.0292	0.9028
4973	0.0146	0.9068
4974	0.0076	0.9014
4975	0.0006	0.903
4976	0.0022	0.9058
4977	0.0324	0.9064
4978	0.0262	0.9066
4979	0.0332	0.912
4980	0.028	0.92
4981	0.0318	0.9146
4982	0.0342	0.9092
4983	0.0466	0.9116
4984	0.0646	0.91
4985	0.0724	0.906
4986	0.0694	0.913
4987	0.0688	0.9158
4988	0.0482	0.9082
4989	0.0544	0.918
4990	0.031	0.9086
4991	0.0266	0.911
4992	0.0224	0.911
4993	0.0312	0.914
4994	0.0342	0.9126
4995	0.0512	0.9186
4996	0.063	0.9204
4997	0.0756	0.9242
4998	0.0712	0.9182
4999	0.0748	0.9202
