0	1.995	-0.1	0
0.05	1.98501	-0.19975	-0.00249375
0.1	1.97006	-0.299001	-0.00495633
0.15	1.95019	-0.397504	-0.00736312
0.2	1.92544	-0.495013	-0.00969008
0.25	1.89587	-0.591285	-0.011914
0.3	1.86157	-0.686079	-0.0140125
0.35	1.82261	-0.779157	-0.0159648
0.4	1.7791	-0.870288	-0.0177512
0.45	1.73113	-0.959242	-0.0193541
0.5	1.67884	-1.0458	-0.0207572
0.55	1.62236	-1.12974	-0.0219467
0.6	1.56181	-1.21086	-0.0229105
0.65	1.49737	-1.28895	-0.0236392
0.7	1.42918	-1.36382	-0.0241254
0.75	1.35741	-1.43528	-0.0243642
0.8	1.28225	-1.50315	-0.0243533
0.85	1.20389	-1.56726	-0.0240927
0.9	1.12252	-1.62745	-0.0235851
0.95	1.03834	-1.68358	-0.0228356
1	0.951565	-1.7355	-0.0218516
1.05	0.862411	-1.78308	-0.020643
1.1	0.771101	-1.8262	-0.0192218
1.15	0.677864	-1.86475	-0.0176023
1.2	0.582931	-1.89864	-0.0158006
1.25	0.486542	-1.92779	-0.0138347
1.3	0.388936	-1.95212	-0.0117244
1.35	0.290358	-1.97157	-0.00949061
1.4	0.191053	-1.98608	-0.00715574
1.45	0.0912717	-1.99564	-0.0047431
1.5	-0.00873827	-2.0002	-0.00227681
1.55	-0.108726	-1.99976	0.000218478
1.6	-0.208443	-1.99433	0.00271784
1.65	-0.307638	-1.9839	0.00519628
1.7	-0.406064	-1.96852	0.00762905
1.75	-0.503475	-1.94822	0.00999182
1.8	-0.599627	-1.92305	0.012261
1.85	-0.69428	-1.89306	0.0144139
1.9	-0.787198	-1.85835	0.016429
1.95	-0.878147	-1.81899	0.0182861
2	-0.966902	-1.77508	0.0199668
2.05	-1.05324	-1.72674	0.0214541
2.1	-1.13694	-1.67408	0.0227333
2.15	-1.2178	-1.61723	0.0237916
2.2	-1.29562	-1.55634	0.0246183
2.25	-1.3702	-1.49156	0.0252053
2.3	-1.44135	-1.42305	0.0255466
2.35	-1.5089	-1.35098	0.0256389
2.4	-1.57268	-1.27553	0.0254812
2.45	-1.63252	-1.1969	0.025075
2.5	-1.68829	-1.11527	0.0244246
2.55	-1.73983	-1.03086	0.0235363
2.6	-1.78702	-0.943869	0.022419
2.65	-1.82975	-0.854518	0.0210839
2.7	-1.8679	-0.763031	0.0195444
2.75	-1.90138	-0.669636	0.0178158
2.8	-1.93011	-0.574567	0.0159154
2.85	-1.95401	-0.478061	0.0138622
2.9	-1.97303	-0.380361	0.0116767
2.95	-1.98712	-0.281709	0.00938079
3	-1.99623	-0.182353	0.00699736
3.05	-2.00036	-0.0825417	0.00455025
3.1	-1.99949	0.0174764	0.00206391
3.15	-1.99361	0.117451	-0.000436797
3.2	-1.98276	0.217131	-0.00292689
3.25	-1.96694	0.316269	-0.00538149
3.3	-1.94621	0.414617	-0.00777605
3.35	-1.92062	0.511927	-0.0100867
3.4	-1.89022	0.607958	-0.0122902
3.45	-1.8551	0.702469	-0.0143647
3.5	-1.81533	0.795224	-0.0162893
3.55	-1.77103	0.88599	-0.018045
3.6	-1.72231	0.974542	-0.019614
3.65	-1.66927	1.06066	-0.0209808
3.7	-1.61207	1.14412	-0.0221316
3.75	-1.55083	1.22472	-0.023055
3.8	-1.48572	1.30227	-0.0237418
3.85	-1.41689	1.37655	-0.024185
3.9	-1.34452	1.4474	-0.0243803
3.95	-1.26879	1.51462	-0.0243257
4	-1.18989	1.57806	-0.0240217
4.05	-1.10801	1.63756	-0.0234715
4.1	-1.02336	1.69296	-0.0226804
4.15	-0.936156	1.74413	-0.0216564
4.2	-0.846609	1.79093	-0.0204097
4.25	-0.754946	1.83326	-0.0189528
4.3	-0.661395	1.87101	-0.0173002
4.35	-0.566191	1.90408	-0.0154685
4.4	-0.469572	1.93239	-0.0134759
4.45	-0.371778	1.95587	-0.0113424
4.5	-0.273055	1.97446	-0.00908937
4.55	-0.17365	1.98811	-0.0067392
4.6	-0.07381	1.99679	-0.00431544
4.65	0.0262141	2.00048	-0.00184229
4.7	0.126173	1.99917	0.000655512
4.75	0.225816	1.99286	0.00315302
4.8	0.324895	1.98157	0.00562526
4.85	0.423161	1.96533	0.00804753
4.9	0.52037	1.94417	0.0103956
4.95	0.616277	1.91815	0.0126461
5	0.710644	1.88734	0.0147764
5.05	0.803234	1.85181	0.0167653
5.1	0.893817	1.81164	0.0185929
5.15	0.982164	1.76695	0.020241
5.2	1.06806	1.71785	0.021693
5.25	1.15128	1.66444	0.0229345
5.3	1.23162	1.60688	0.023953
5.35	1.30889	1.5453	0.0247384
5.4	1.38288	1.47985	0.0252828
5.45	1.45342	1.41071	0.0255807
5.5	1.52032	1.33804	0.0256293
5.55	1.58342	1.26202	0.025428
5.6	1.64256	1.18285	0.0249789
5.65	1.6976	1.10072	0.0242863
5.7	1.74839	1.01584	0.0233573
5.75	1.79481	0.928424	0.0222011
5.8	1.83675	0.838684	0.0208293
5.85	1.87409	0.746846	0.0192556
5.9	1.90674	0.653142	0.0174957
5.95	1.93463	0.557805	0.0155672
6	1.95769	0.461073	0.0134894
6.05	1.97585	0.363189	0.011283
6.1	1.98907	0.264396	0.00897007
6.15	1.99731	0.164943	0.00657377
6.2	2.00057	0.065077	0.00411803
6.25	1.99882	-0.0349514	0.00162739
6.3	1.99208	-0.134892	-0.00087327
6.35	1.98035	-0.234496	-0.00335895
6.4	1.96368	-0.333514	-0.00580481
6.45	1.94209	-0.431698	-0.00818641
6.5	1.91565	-0.528802	-0.01048
6.55	1.88442	-0.624585	-0.0126625
6.6	1.84848	-0.718806	-0.0147123
6.65	1.80792	-0.81123	-0.0166087
6.7	1.76284	-0.901626	-0.018333
6.75	1.71335	-0.989768	-0.0198678
6.8	1.65958	-1.07544	-0.0211977
6.85	1.60166	-1.15841	-0.0223096
6.9	1.53973	-1.2385	-0.0231923
6.95	1.47396	-1.31548	-0.0238369
7	1.4045	-1.38918	-0.0242371
7.05	1.33153	-1.45941	-0.0243888
7.1	1.25523	-1.52598	-0.0242905
7.15	1.17579	-1.58874	-0.0239432
7.2	1.09342	-1.64753	-0.0233504
7.25	1.00831	-1.70221	-0.022518
7.3	0.920675	-1.75262	-0.0214543
7.35	0.830742	-1.79865	-0.0201699
7.4	0.738733	-1.84019	-0.0186777
7.45	0.644876	-1.87713	-0.0169926
7.5	0.549408	-1.90937	-0.0151314
7.55	0.452566	-1.93684	-0.0131128
7.6	0.354592	-1.95947	-0.0109568
7.65	0.255732	-1.9772	-0.00868516
7.7	0.156233	-1.98999	-0.00632042
7.75	0.0563428	-1.9978	-0.00388626
7.8	-0.043688	-2.00062	-0.00140702
7.85	-0.14361	-1.99843	0.00109254
7.9	-0.243172	-1.99125	0.00358742
7.95	-0.342127	-1.97909	0.00605271
8	-0.440226	-1.96199	0.00846375
8.05	-0.537225	-1.93997	0.0107965
8.1	-0.63288	-1.91311	0.0130275
8.15	-0.726954	-1.88147	0.0151346
8.2	-0.81921	-1.84512	0.0170968
8.25	-0.909418	-1.80416	0.0188943
8.3	-0.997352	-1.75869	0.0205092
8.35	-1.08279	-1.70882	0.0219254
8.4	-1.16553	-1.65468	0.0231288
8.45	-1.24535	-1.59641	0.0241072
8.5	-1.32205	-1.53414	0.024851
8.55	-1.39546	-1.46804	0.0253527
8.6	-1.46537	-1.39826	0.0256073
8.65	-1.53162	-1.32499	0.0256122
8.7	-1.59404	-1.24841	0.0253673
8.75	-1.65248	-1.16871	0.0248753
8.8	-1.70678	-1.08609	0.0241408
8.85	-1.75682	-1.00075	0.0231714
8.9	-1.80246	-0.912908	0.0219767
8.95	-1.8436	-0.822785	0.0205685
9	-1.88013	-0.730605	0.0189611
9.05	-1.91196	-0.636598	0.0171704
9.1	-1.93901	-0.541	0.0152144
9.15	-1.96121	-0.444049	0.0131126
9.2	-1.97851	-0.345989	0.010886
9.25	-1.99087	-0.247063	0.00855679
9.3	-1.99824	-0.14752	0.00614837
9.35	-2.00062	-0.0476074	0.00368475
9.4	-1.998	0.0524238	0.00119056
9.45	-1.99039	0.152324	-0.00130929
9.5	-1.97779	0.251843	-0.00378979
9.55	-1.96026	0.350733	-0.00622618
9.6	-1.93782	0.448746	-0.00859409
9.65	-1.91054	0.545637	-0.0108699
9.7	-1.87848	0.641164	-0.0130308
9.75	-1.84173	0.735088	-0.0150552
9.8	-1.80037	0.827174	-0.0169229
9.85	-1.75451	0.917192	-0.0186152
9.9	-1.70426	1.00492	-0.0201153
9.95	-1.64976	1.09013	-0.021408
10	-1.59112	1.17262	-0.0224806
10.05	-1.52852	1.25217	-0.0233223
10.1	-1.46209	1.3286	-0.0239246
10.15	-1.392	1.4017	-0.0242816
10.2	-1.31843	1.4713	-0.0243897
10.25	-1.24157	1.53723	-0.0242477
10.3	-1.16161	1.59931	-0.0238573
10.35	-1.07874	1.65739	-0.0232221
10.4	-0.993173	1.71132	-0.0223486
10.45	-0.905124	1.76098	-0.0212455
10.5	-0.814812	1.80624	-0.0199238
10.55	-0.722463	1.84698	-0.0183968
10.6	-0.628308	1.8831	-0.0166797
10.65	-0.532582	1.91452	-0.0147896
10.7	-0.435525	1.94115	-0.0127455
10.75	-0.337379	1.96292	-0.0105677
10.8	-0.238389	1.97979	-0.0082781
10.85	-0.138804	1.99171	-0.00589951
10.9	-0.0388712	1.99865	-0.00345571
10.95	0.0611585	2.00059	-0.000971124
11	0.161035	1.99754	0.00152942
11.05	0.26051	1.98948	0.00402092
11.1	0.359333	1.97646	0.0064785
11.15	0.457257	1.95849	0.00887758
11.2	0.554039	1.93563	0.0111942
11.25	0.649435	1.90793	0.0134052
11.3	0.743208	1.87546	0.0154884
11.35	0.835123	1.8383	0.0174232
11.4	0.92495	1.79654	0.01919
11.45	1.01246	1.75029	0.0207714
11.5	1.09745	1.69967	0.0221513
11.55	1.17969	1.6448	0.0233162
11.6	1.25898	1.58581	0.0242543
11.65	1.33512	1.52286	0.0249563
11.7	1.40793	1.45611	0.0254151
11.75	1.47721	1.38571	0.0256261
11.8	1.5428	1.31185	0.0255874
11.85	1.60454	1.23471	0.0252991
11.9	1.66226	1.15448	0.0247643
11.95	1.71583	1.07137	0.0239882
12	1.76511	0.985578	0.0229786
12.05	1.80998	0.897322	0.0217457
12.1	1.85032	0.806824	0.0203017
12.15	1.88603	0.714308	0.018661
12.2	1.91703	0.620006	0.0168401
12.25	1.94324	0.524154	0.0148572
12.3	1.96459	0.426992	0.012732
12.35	1.98103	0.328762	0.0104858
12.4	1.99252	0.229711	0.0081411
12.45	1.99902	0.130085	0.00572128
12.5	2.00053	0.0301342	0.00325054
12.55	1.99703	-0.0698921	0.000753553
12.6	1.98854	-0.169744	-0.00174471
12.65	1.97509	-0.269171	-0.00421929
12.7	1.95669	-0.367925	-0.00664545
12.75	1.9334	-0.46576	-0.00899895
12.8	1.90528	-0.56243	-0.0112563
12.85	1.8724	-0.657694	-0.0133948
12.9	1.83483	-0.751314	-0.0153933
12.95	1.79268	-0.843055	-0.0172317
13	1.74604	-0.932689	-0.0188916
13.05	1.69504	-1.01999	-0.0203564
13.1	1.63981	-1.10474	-0.0216116
13.15	1.58047	-1.18673	-0.0226446
13.2	1.51718	-1.26576	-0.023445
13.25	1.4501	-1.34162	-0.0240048
13.3	1.37939	-1.41412	-0.0243185
13.35	1.30524	-1.48309	-0.0243829
13.4	1.22782	-1.54835	-0.0241974
13.45	1.14734	-1.60974	-0.0237638
13.5	1.06398	-1.66711	-0.0230865
13.55	0.977964	-1.72031	-0.0221722
13.6	0.889504	-1.76921	-0.02103
13.65	0.79882	-1.81368	-0.0196715
13.7	0.706138	-1.85362	-0.0181101
13.75	0.611692	-1.88893	-0.0163614
13.8	0.515716	-1.91952	-0.014443
13.85	0.418451	-1.9453	-0.0123741
13.9	0.32014	-1.96622	-0.0101752
13.95	0.221028	-1.98223	-0.00786833
14	0.121364	-1.99328	-0.00547661
14.05	0.0213966	-1.99935	-0.00302391
14.1	-0.0786244	-2.00042	-0.000534742
14.15	-0.178449	-1.99649	0.00196602
14.2	-0.277827	-1.98757	0.00445339
14.25	-0.376511	-1.97368	0.0069025
14.3	-0.474253	-1.95485	0.00928888
14.35	-0.57081	-1.93114	0.0115887
14.4	-0.66594	-1.9026	0.0137789
14.45	-0.759405	-1.8693	0.0158377
14.5	-0.850972	-1.83133	0.0177444
14.55	-0.940411	-1.78878	0.0194801
14.6	-1.0275	-1.74176	0.0210274
14.65	-1.11202	-1.69039	0.0223707
14.7	-1.19376	-1.63478	0.0234967
14.75	-1.27251	-1.5751	0.0243942
14.8	-1.34809	-1.51147	0.0250541
14.85	-1.42029	-1.44407	0.0254699
14.9	-1.48894	-1.37305	0.0256374
14.95	-1.55387	-1.29861	0.0255549
15	-1.61492	-1.22091	0.0252233
15.05	-1.67193	-1.14017	0.0246459
15.1	-1.72475	-1.05657	0.0238284
15.15	-1.77327	-0.970332	0.022779
15.2	-1.81735	-0.881668	0.0215083
15.25	-1.85689	-0.790801	0.0200288
15.3	-1.89179	-0.697956	0.0183554
15.35	-1.92196	-0.603366	0.0165048
15.4	-1.94732	-0.507268	0.0144956
15.45	-1.96782	-0.409902	0.0123477
15.5	-1.98339	-0.311511	0.0100827
15.55	-1.99401	-0.212341	0.00772312
15.6	-1.99964	-0.112641	0.00529264
15.65	-2.00028	-0.0126587	0.00281552
15.7	-1.99591	0.0873552	0.00031651
15.75	-1.98655	0.187151	-0.00217941
15.8	-1.97223	0.286478	-0.0046473
15.85	-1.95297	0.38509	-0.0070625
15.9	-1.92884	0.482738	-0.00940087
15.95	-1.89988	0.57918	-0.011639
16	-1.86617	0.674174	-0.0137546
16.05	-1.82779	0.767482	-0.0157265
16.1	-1.78485	0.858872	-0.017535
16.15	-1.73744	0.948114	-0.019162
16.2	-1.6857	1.03499	-0.0205912
16.25	-1.62973	1.11927	-0.0218084
16.3	-1.56969	1.20076	-0.0228014
16.35	-1.50573	1.27924	-0.0235603
16.4	-1.43801	1.35453	-0.0240775
16.45	-1.36668	1.42643	-0.0243478
16.5	-1.29195	1.49476	-0.0243685
16.55	-1.21398	1.55936	-0.0241394
16.6	-1.13297	1.62006	-0.0236629
16.65	-1.04914	1.67671	-0.0229436
16.7	-0.962681	1.72917	-0.0219888
16.75	-0.873816	1.7773	-0.0208079
16.8	-0.782766	1.82099	-0.0194129
16.85	-0.68976	1.86013	-0.0178176
16.9	-0.595029	1.89462	-0.016038
16.95	-0.498811	1.92437	-0.0140919
17	-0.401345	1.94931	-0.0119987
17.05	-0.302876	1.96938	-0.00977932
17.1	-0.20365	1.98452	-0.00745597
17.15	-0.103915	1.9947	-0.00505185
17.2	-0.00392044	1.9999	-0.002591
17.25	0.0960843	2.00009	-9.8006e-05
17.3	0.195849	1.99529	0.00240222
17.35	0.295124	1.9855	0.00488469
17.4	0.393661	1.97074	0.00732459
17.45	0.491214	1.95106	0.00969754
17.5	0.587539	1.9265	0.0119798
17.55	0.682395	1.89712	0.0141486
17.6	0.775545	1.863	0.0161823
17.65	0.866756	1.82422	0.0180605
17.7	0.9558	1.78089	0.0197645
17.75	1.04245	1.7331	0.0212771
17.8	1.1265	1.68097	0.0225834
17.85	1.20774	1.62465	0.0236703
17.9	1.28595	1.56426	0.0245268
17.95	1.36095	1.49996	0.0251445
18	1.43254	1.43192	0.0255171
18.05	1.50056	1.36029	0.025641
18.1	1.56482	1.28526	0.0255149
18.15	1.62517	1.20702	0.02514
18.2	1.68146	1.12576	0.0245202
18.25	1.73354	1.04169	0.0236615
18.3	1.78129	0.955012	0.0225727
18.35	1.82459	0.865947	0.0212645
18.4	1.86333	0.774717	0.01975
18.45	1.89741	0.681551	0.0180444
18.5	1.92674	0.586681	0.0161647
18.55	1.95126	0.490344	0.0141298
18.6	1.9709	0.392781	0.0119598
18.65	1.98561	0.294236	0.00967662
18.7	1.99536	0.194956	0.00730297
18.75	2.00011	0.0951879	0.00486257
18.8	1.99987	-0.00481785	0.00237983
18.85	1.99463	-0.104812	-0.000120439
18.9	1.98441	-0.204543	-0.00261326
18.95	1.96922	-0.303763	-0.00507371
19	1.94911	-0.402224	-0.00747721
19.05	1.92412	-0.49968	-0.00979973
19.1	1.89433	-0.595886	-0.0120181
19.15	1.8598	-0.690602	-0.01411
19.2	1.82062	-0.783592	-0.0160548
19.25	1.77689	-0.874623	-0.0178328
19.3	1.72871	-0.963467	-0.0194263
19.35	1.67622	-1.0499	-0.0208195
19.4	1.61953	-1.13371	-0.0219983
19.45	1.5588	-1.21469	-0.0229511
19.5	1.49417	-1.29263	-0.0236682
19.55	1.4258	-1.36734	-0.0241426
19.6	1.35387	-1.43863	-0.0243694
19.65	1.27855	-1.50632	-0.0243464
19.7	1.20004	-1.57025	-0.0240739
19.75	1.11853	-1.63025	-0.0235545
19.8	1.03422	-1.68618	-0.0227935
19.85	0.947324	-1.73789	-0.0217985
19.9	0.858061	-1.78526	-0.0205793
19.95	0.766653	-1.82816	-0.0191482
20	0.673329	-1.86649	-0.0175196
20.05	0.578321	-1.90016	-0.0157095
20.1	0.481867	-1.92907	-0.0137363
20.15	0.384209	-1.95317	-0.0116195
20.2	0.28559	-1.97238	-0.0093803
20.25	0.186257	-1.98666	-0.00704114
20.3	0.0864586	-1.99597	-0.00462536
20.35	-0.013556	-2.00029	-0.00215711
20.4	-0.113537	-1.99962	0.000338951
20.45	-0.213234	-1.99394	0.00283787
20.5	-0.312398	-1.98328	0.00531469
20.55	-0.41078	-1.96766	0.00774463
20.6	-0.508136	-1.94712	0.0101034
20.65	-0.604222	-1.92171	0.0123675
20.7	-0.698797	-1.8915	0.0145142
20.75	-0.791625	-1.85656	0.0165222
20.8	-0.882474	-1.81698	0.0183712
20.85	-0.971117	-1.77286	0.020043
20.9	-1.05733	-1.7243	0.0215206
20.95	-1.1409	-1.67143	0.0227894
21	-1.22162	-1.61439	0.0238368
21.05	-1.29929	-1.55331	0.0246522
21.1	-1.3737	-1.48834	0.0252274
21.15	-1.44469	-1.41966	0.0255568
21.2	-1.51206	-1.34742	0.025637
21.25	-1.57565	-1.27182	0.0254673
21.3	-1.6353	-1.19304	0.0250493
21.35	-1.69087	-1.11127	0.0243872
21.4	-1.7422	-1.02673	0.0234876
21.45	-1.78918	-0.939619	0.0223596
21.5	-1.83169	-0.850159	0.0210144
21.55	-1.86962	-0.758575	0.0194654
21.6	-1.90287	-0.665094	0.0177281
21.65	-1.93137	-0.56995	0.0158199
21.7	-1.95504	-0.473382	0.0137598
21.75	-1.97382	-0.37563	0.0115685
21.8	-1.98767	-0.276938	0.00926782
21.85	-1.99655	-0.177555	0.00688078
21.9	-2.00043	-0.0777277	0.00443121
21.95	-1.99932	0.022294	0.00194361
22	-1.99321	0.12226	-0.00055716
22.05	-1.98211	0.22192	-0.00304611
22.1	-1.96606	0.321026	-0.00549838
22.15	-1.94509	0.419329	-0.00788944
22.2	-1.91926	0.516583	-0.0101954
22.25	-1.88864	0.612546	-0.0123932
22.3	-1.85329	0.706978	-0.014461
22.35	-1.8133	0.799642	-0.0163779
22.4	-1.76879	0.890308	-0.0181249
22.45	-1.71985	0.978747	-0.0196846
22.5	-1.66661	1.06474	-0.0210412
22.55	-1.60921	1.14807	-0.0221814
22.6	-1.54778	1.22853	-0.0230936
22.65	-1.48249	1.30592	-0.0237688
22.7	-1.41349	1.38004	-0.0242001
22.75	-1.34095	1.45072	-0.0243834
22.8	-1.26506	1.51777	-0.0243168
22.85	-1.18601	1.58102	-0.0240009
22.9	-1.104	1.64032	-0.0234388
22.95	-1.01922	1.69552	-0.0226363
23	-0.931895	1.74648	-0.0216013
23.05	-0.842241	1.79308	-0.0203442
23.1	-0.750482	1.83519	-0.0188775
23.15	-0.656846	1.87271	-0.0172159
23.2	-0.561569	1.90555	-0.015376
23.25	-0.464887	1.93363	-0.0133762
23.3	-0.367043	1.95688	-0.0112365
23.35	-0.268282	1.97523	-0.00897823
23.4	-0.16885	1.98864	-0.00662397
23.45	-0.0689953	1.99709	-0.00419727
23.5	0.0310315	2.00054	-0.00172237
23.55	0.130981	1.99898	0.000775995
23.6	0.230602	1.99243	0.00327285
23.65	0.329648	1.9809	0.00574325
23.7	0.427869	1.96442	0.00816251
23.75	0.52502	1.94303	0.0105064
23.8	0.620859	1.91678	0.0127516
23.85	0.715146	1.88573	0.0148756
23.9	0.807645	1.84998	0.0168572
23.95	0.898124	1.8096	0.0186766
24	0.986359	1.76469	0.0203155
24.05	1.07213	1.71537	0.0217577
24.1	1.15522	1.66176	0.0229887
24.15	1.23542	1.604	0.0239962
24.2	1.31253	1.54223	0.0247701
24.25	1.38636	1.47661	0.0253028
24.3	1.45672	1.40729	0.0255888
24.35	1.52344	1.33445	0.0256254
24.4	1.58636	1.25828	0.0254121
24.45	1.64531	1.17896	0.0249511
24.5	1.70014	1.0967	0.0242469
24.55	1.75073	1.01169	0.0233068
24.6	1.79693	0.924154	0.0221399
24.65	1.83865	0.834307	0.020758
24.7	1.87577	0.742375	0.019175
24.75	1.9082	0.648586	0.0174065
24.8	1.93586	0.553176	0.0154704
24.85	1.95868	0.456383	0.0133859
24.9	1.9766	0.35845	0.0111738
24.95	1.98958	0.25962	0.00885639
25	1.99759	0.160141	0.00645668
25.05	2.0006	0.0602615	0.00399869
25.1	1.99861	-0.0397684	0.00150699
25.15	1.99163	-0.139699	-0.00099352
25.2	1.97966	-0.23928	-0.00347785
25.25	1.96275	-0.338263	-0.00592117
25.3	1.94093	-0.436401	-0.00829907
25.35	1.91426	-0.533447	-0.0105878
25.4	1.8828	-0.62916	-0.0127644
25.45	1.84663	-0.7233	-0.0148073
25.5	1.80585	-0.815632	-0.0166959
25.55	1.76056	-0.905924	-0.0184114
25.6	1.71086	-0.993952	-0.0199366
25.65	1.65688	-1.07949	-0.0212564
25.7	1.59877	-1.16234	-0.0223575
25.75	1.53665	-1.24228	-0.0232288
25.8	1.4707	-1.31911	-0.0238618
25.85	1.40106	-1.39264	-0.0242501
25.9	1.32793	-1.4627	-0.0243898
25.95	1.25147	-1.52909	-0.0242795
26	1.17189	-1.59167	-0.0239203
26.05	1.08938	-1.65026	-0.0233158
26.1	1.00414	-1.70473	-0.022472
26.15	0.916395	-1.75494	-0.0213974
26.2	0.826357	-1.80076	-0.0201027
26.25	0.734253	-1.84208	-0.0186009
26.3	0.640314	-1.87879	-0.0169069
26.35	0.544773	-1.9108	-0.0150377
26.4	0.447871	-1.93804	-0.0130119
26.45	0.349849	-1.96044	-0.0108499
26.5	0.250953	-1.97793	-0.00857322
26.55	0.151429	-1.99048	-0.00620459
26.6	0.0515267	-1.99805	-0.0037677
26.65	-0.0485046	-2.00062	-0.00128691
26.7	-0.148415	-1.9982	0.00121299
26.75	-0.247953	-1.99078	0.00370702
26.8	-0.346873	-1.97838	0.00617026
26.85	-0.444924	-1.96104	0.00857808
26.9	-0.541864	-1.93879	0.0109064
26.95	-0.637449	-1.9117	0.013132
27	-0.73144	-1.87983	0.0152326
27.05	-0.823603	-1.84325	0.0171872
27.1	-0.913707	-1.80207	0.0189764
27.15	-1.00153	-1.75639	0.0205821
27.2	-1.08684	-1.70631	0.0219884
27.25	-1.16944	-1.65197	0.0231811
27.3	-1.24911	-1.5935	0.0241485
27.35	-1.32567	-1.53104	0.0248808
27.4	-1.3989	-1.46476	0.0253706
27.45	-1.46865	-1.39481	0.0256132
27.5	-1.53471	-1.32138	0.0256061
27.55	-1.59695	-1.24465	0.0253493
27.6	-1.65519	-1.1648	0.0248454
27.65	-1.70929	-1.08204	0.0240995
27.7	-1.75912	-0.996574	0.023119
27.75	-1.80455	-0.908618	0.0219136
27.8	-1.84547	-0.818391	0.0204956
27.85	-1.88177	-0.726118	0.0188789
27.9	-1.91338	-0.632029	0.0170799
27.95	-1.94019	-0.53636	0.0151164
28	-1.96216	-0.43935	0.013008
28.05	-1.97922	-0.341242	0.010776
28.1	-1.99134	-0.242281	0.00844244
28.15	-1.99847	-0.142714	0.0060308
28.2	-2.00061	-0.0427908	0.00356514
28.25	-1.99775	0.0572398	0.0010701
28.3	-1.98989	0.157127	-0.00142939
28.35	-1.97706	0.256622	-0.00390833
28.4	-1.95929	0.355475	-0.00634197
28.45	-1.93662	0.45344	-0.00870598
28.5	-1.9091	0.55027	-0.0109767
28.55	-1.87682	0.645726	-0.0131315
28.6	-1.83984	0.739566	-0.0151489
28.65	-1.79826	0.831558	-0.0170085
28.7	-1.75219	0.921471	-0.018692
28.75	-1.70173	1.00908	-0.0201824
28.8	-1.64702	1.09417	-0.0214648
28.85	-1.5882	1.17652	-0.0225265
28.9	-1.5254	1.25593	-0.0233568
28.95	-1.45879	1.3322	-0.0239475
29	-1.38854	1.40514	-0.0242925
29.05	-1.31481	1.47457	-0.0243886
29.1	-1.23779	1.54031	-0.0242346
29.15	-1.15768	1.6022	-0.0238322
29.2	-1.07468	1.66008	-0.0231854
29.25	-0.988988	1.71381	-0.0223006
29.3	-0.900825	1.76326	-0.0211868
29.35	-0.810409	1.8083	-0.0198549
29.4	-0.717968	1.84882	-0.0183183
29.45	-0.623732	1.88472	-0.0165925
29.5	-0.527937	1.91591	-0.0146945
29.55	-0.430821	1.94231	-0.0126435
29.6	-0.332629	1.96385	-0.0104598
29.65	-0.233605	1.98048	-0.00816541
29.7	-0.133997	1.99216	-0.00578312
29.75	-0.0340541	1.99886	-0.00333679
29.8	0.065974	2.00056	-0.000850867
29.85	0.165837	1.99726	0.00164981
29.9	0.265286	1.98897	0.00414025
29.95	0.364071	1.97571	0.00659557
30	0.461946	1.9575	0.00899122
30.05	0.558666	1.93441	0.0113033
30.1	0.65399	1.90647	0.0135086
30.15	0.747679	1.87377	0.0155852
30.2	0.839498	1.83639	0.0175123
30.25	0.929219	1.79441	0.0192706
30.3	1.01662	1.74795	0.0208425
30.35	1.10147	1.69712	0.0222125
30.4	1.18358	1.64205	0.0233667
30.45	1.26272	1.58287	0.0242936
30.5	1.33871	1.51973	0.024984
30.55	1.41135	1.4528	0.025431
30.6	1.48046	1.38223	0.02563
30.65	1.54587	1.30821	0.0255792
30.7	1.60741	1.23092	0.025279
30.75	1.66494	1.15054	0.0247324
30.8	1.71831	1.0673	0.0239449
30.85	1.76737	0.981382	0.0229243
30.9	1.81202	0.893014	0.0216809
30.95	1.85215	0.802413	0.020227
31	1.88764	0.709805	0.0185773
31.05	1.91841	0.615423	0.0167482
31.1	1.94438	0.519503	0.0147579
31.15	1.9655	0.422284	0.0126264
31.2	1.9817	0.324009	0.010375
31.25	1.99294	0.224924	0.0080261
31.3	1.99921	0.125277	0.00560327
31.35	2.00047	0.0253168	0.00313069
31.4	1.99674	-0.0747068	0.00063307
31.45	1.98801	-0.174544	-0.00186462
31.5	1.97431	-0.273944	-0.00433743
31.55	1.95568	-0.37266	-0.00676065
31.6	1.93216	-0.470444	-0.00911004
31.65	1.90381	-0.567052	-0.0113621
31.7	1.87069	-0.662242	-0.0134945
31.75	1.8329	-0.755777	-0.0154856
31.8	1.79053	-0.847422	-0.0173158
31.85	1.74369	-0.936949	-0.0189667
31.9	1.69248	-1.02413	-0.0204218
31.95	1.63704	-1.10876	-0.0216665
32	1.57751	-1.19061	-0.0226885
32.05	1.51404	-1.26948	-0.0234775
32.1	1.44678	-1.34519	-0.0240256
32.15	1.3759	-1.41753	-0.0243273
32.2	1.30159	-1.48632	-0.0243797
32.25	1.22402	-1.5514	-0.0241822
32.3	1.14339	-1.6126	-0.0237367
32.35	1.0599	-1.66977	-0.0230478
32.4	0.973758	-1.72276	-0.0221223
32.45	0.885186	-1.77145	-0.0209695
32.5	0.7944	-1.81571	-0.0196008
32.55	0.701629	-1.85543	-0.01803
32.6	0.607103	-1.89051	-0.0162728
32.65	0.51106	-1.92087	-0.0143467
32.7	0.413739	-1.94642	-0.012271
32.75	0.315383	-1.96711	-0.0100664
32.8	0.216239	-1.98288	-0.00775491
32.85	0.116555	-1.99369	-0.0053597
32.9	0.016579	-1.99952	-0.00290468
32.95	-0.0834383	-2.00035	-0.000414375
33	-0.183247	-1.99617	0.00208632
33.05	-0.282598	-1.98701	0.00457241
33.1	-0.381242	-1.97288	0.00701906
33.15	-0.478933	-1.95382	0.00940181
33.2	-0.575426	-1.92987	0.0116968
33.25	-0.670481	-1.9011	0.0138812
33.3	-0.76386	-1.86758	0.0159332
33.35	-0.855329	-1.82938	0.0178321
33.4	-0.94466	-1.78662	0.0195591
33.45	-1.03163	-1.73939	0.0210968
33.5	-1.11602	-1.6878	0.02243
33.55	-1.19762	-1.632	0.0235453
33.6	-1.27623	-1.57212	0.0244315
33.65	-1.35164	-1.50831	0.0250798
33.7	-1.42368	-1.44073	0.0254837
33.75	-1.49216	-1.36954	0.0256392
33.8	-1.5569	-1.29494	0.0255447
33.85	-1.61776	-1.21709	0.0252011
33.9	-1.67457	-1.1362	0.024612
33.95	-1.72719	-1.05248	0.0237831
34	-1.7755	-0.966116	0.0227228
34.05	-1.81936	-0.877341	0.0214417
34.1	-1.85868	-0.786373	0.0199525
34.15	-1.89335	-0.693439	0.0182702
34.2	-1.92329	-0.598771	0.0164116
34.25	-1.94842	-0.502606	0.0143951
34.3	-1.96868	-0.405185	0.0122411
34.35	-1.98402	-0.306751	0.00997101
34.4	-1.9944	-0.20755	0.0076075
34.45	-1.99979	-0.10783	0.00517422
34.5	-2.00018	-0.00784087	0.00269547
34.55	-1.99557	0.0921682	0.000196039
34.6	-1.98597	0.191947	-0.0022991
34.65	-1.97141	0.291246	-0.00476502
34.7	-1.95192	0.389816	-0.00717706
34.75	-1.92755	0.487412	-0.00951113
34.8	-1.89836	0.58379	-0.0117439
34.85	-1.86443	0.678708	-0.0138531
34.9	-1.82583	0.771929	-0.0158175
34.95	-1.78267	0.863221	-0.0176176
35	-1.73505	0.952354	-0.0192355
35.05	-1.6831	1.03911	-0.0206548
35.1	-1.62693	1.12326	-0.0218615
35.15	-1.5667	1.20461	-0.0228434
35.2	-1.50256	1.28294	-0.0235908
35.25	-1.43465	1.35807	-0.0240962
35.3	-1.36316	1.4298	-0.0243545
35.35	-1.28826	1.49796	-0.0243632
35.4	-1.21014	1.56237	-0.0241221
35.45	-1.129	1.62288	-0.0236337
35.5	-1.04503	1.67933	-0.0229029
35.55	-0.958455	1.73158	-0.021937
35.6	-0.869479	1.77951	-0.0207456
35.65	-0.77833	1.82298	-0.0193406
35.7	-0.685236	1.8619	-0.017736
35.75	-0.590428	1.89616	-0.015948
35.8	-0.494144	1.92568	-0.0139943
35.85	-0.396624	1.95039	-0.0118945
35.9	-0.298113	1.97022	-0.00966963
35.95	-0.198857	1.98512	-0.00734185
36	-0.0991037	1.99507	-0.00493445
36.05	0.000897407	2.00002	-0.00247148
36.1	0.100896	1.99998	2.24354e-05
36.15	0.200643	1.99493	0.00252238
36.2	0.299888	1.9849	0.00500336
36.25	0.398383	1.96991	0.0074406
36.3	0.495883	1.94999	0.00980972
36.35	0.592142	1.92519	0.0120871
36.4	0.686921	1.89559	0.0142498
36.45	0.779983	1.86124	0.0162765
36.5	0.871095	1.82224	0.0181467
36.55	0.96003	1.77869	0.0198418
36.6	1.04656	1.73068	0.0213449
36.65	1.13048	1.67836	0.0226409
36.7	1.21157	1.62183	0.0237169
36.75	1.28964	1.56125	0.0245621
36.8	1.36447	1.49677	0.0251681
36.85	1.4359	1.42855	0.0255288
36.9	1.50374	1.35675	0.0256407
36.95	1.56782	1.28157	0.0255025
37	1.62798	1.20317	0.0251158
37.05	1.68407	1.12178	0.0244843
37.1	1.73594	1.03757	0.0236143
37.15	1.78348	0.950775	0.0225146
37.2	1.82656	0.861601	0.0211961
37.25	1.86508	0.770273	0.0196721
37.3	1.89893	0.677019	0.0179577
37.35	1.92803	0.582073	0.0160701
37.4	1.95231	0.485671	0.0140282
37.45	1.97172	0.388056	0.0118523
37.5	1.98619	0.28947	0.0095642
37.55	1.9957	0.19016	0.00718678
37.6	2.00022	0.0903752	0.00474378
37.65	1.99974	-0.00963566	0.00225963
37.7	1.99425	-0.109622	-0.00024086
37.75	1.98379	-0.209335	-0.00273269
37.8	1.96836	-0.308525	-0.00519096
37.85	1.94801	-0.406943	-0.0075911
37.9	1.9228	-0.504343	-0.00990913
37.95	1.89277	-0.600483	-0.0121219
38	1.85802	-0.695122	-0.0142072
38.05	1.81862	-0.788023	-0.0161444
38.1	1.77467	-0.878954	-0.0179139
38.15	1.72628	-0.967687	-0.0194981
38.2	1.67358	-1.054	-0.0208813
38.25	1.6167	-1.13768	-0.0220495
38.3	1.55577	-1.21852	-0.0229911
38.35	1.49096	-1.2963	-0.0236967
38.4	1.42242	-1.37085	-0.0241592
38.45	1.35032	-1.44197	-0.024374
38.5	1.27484	-1.50949	-0.024339
38.55	1.19618	-1.57323	-0.0240545
38.6	1.11453	-1.63304	-0.0235234
38.65	1.03009	-1.68877	-0.0227509
38.7	0.943078	-1.74027	-0.0217448
38.75	0.853707	-1.78743	-0.0205151
38.8	0.762201	-1.83011	-0.0190742
38.85	0.66879	-1.86822	-0.0174364
38.9	0.573707	-1.90166	-0.0156181
38.95	0.47719	-1.93035	-0.0136374
39	0.37948	-1.9542	-0.0115143
39.05	0.280821	-1.97318	-0.00926976
39.1	0.18146	-1.98722	-0.00692637
39.15	0.081645	-1.99629	-0.0045075
39.2	-0.0183737	-2.00037	-0.00203734
39.25	-0.118347	-1.99946	0.00045943
39.3	-0.218024	-1.99354	0.00295786
39.35	-0.317155	-1.98264	0.00543298
39.4	-0.415494	-1.96678	0.00786005
39.45	-0.512795	-1.94601	0.0102148
39.5	-0.608813	-1.92037	0.0124738
39.55	-0.703309	-1.88992	0.0146143
39.6	-0.796047	-1.85476	0.016615
39.65	-0.886795	-1.81496	0.018456
39.7	-0.975326	-1.77062	0.0201187
39.75	-1.06142	-1.72185	0.0215866
39.8	-1.14486	-1.66878	0.0228451
39.85	-1.22543	-1.61154	0.0238814
39.9	-1.30295	-1.55027	0.0246854
39.95	-1.3772	-1.48512	0.0252489
40	-1.44802	-1.41626	0.0255664
40.05	-1.51521	-1.34386	0.0256346
40.1	-1.57861	-1.2681	0.0254528
40.15	-1.63807	-1.18917	0.0250229
40.2	-1.69344	-1.10726	0.0243493
40.25	-1.74457	-1.02259	0.0234385
40.3	-1.79133	-0.935362	0.0222997
40.35	-1.83362	-0.845796	0.0209443
40.4	-1.87133	-0.754115	0.0193859
40.45	-1.90436	-0.660548	0.01764
40.5	-1.93262	-0.56533	0.015724
40.55	-1.95606	-0.468699	0.0136571
40.6	-1.9746	-0.370896	0.01146
40.65	-1.98821	-0.272166	0.00915466
40.7	-1.99685	-0.172756	0.00676405
40.75	-2.00049	-0.0729132	0.00431209
40.8	-1.99914	0.0271115	0.00182328
40.85	-1.99279	0.127068	-0.000677495
40.9	-1.98145	0.226708	-0.00316525
40.95	-1.96516	0.32578	-0.00561512
41	-1.94396	0.424038	-0.00800263
41.05	-1.9179	0.521236	-0.0103039
41.1	-1.88704	0.617131	-0.012496
41.15	-1.85147	0.711483	-0.0145569
41.2	-1.81126	0.804056	-0.0164661
41.25	-1.76653	0.894619	-0.0182045
41.3	-1.71739	0.982946	-0.0197547
41.35	-1.66394	1.06882	-0.0211012
41.4	-1.60634	1.15201	-0.0222306
41.45	-1.54473	1.23233	-0.0231316
41.5	-1.47925	1.30957	-0.0237952
41.55	-1.41007	1.38353	-0.0242147
41.6	-1.33737	1.45403	-0.0243859
41.65	-1.26133	1.5209	-0.0243073
41.7	-1.18213	1.58397	-0.0239794
41.75	-1.09997	1.64307	-0.0234056
41.8	-1.01507	1.69807	-0.0225917
41.85	-0.927629	1.74883	-0.0215458
41.9	-0.837869	1.79521	-0.0202783
41.95	-0.746014	1.8371	-0.0188018
42	-0.652294	1.8744	-0.0171313
42.05	-0.556943	1.90702	-0.0152832
42.1	-0.4602	1.93486	-0.0132762
42.15	-0.362306	1.95787	-0.0111303
42.2	-0.263507	1.97599	-0.00886686
42.25	-0.164048	1.98916	-0.00650857
42.3	-0.0641801	1.99737	-0.00407899
42.35	0.0358487	2.00058	-0.00160239
42.4	0.135788	1.99878	0.000896474
42.45	0.235387	1.99199	0.00339263
42.5	0.334399	1.98022	0.00586113
42.55	0.432574	1.9635	0.0082773
42.6	0.529668	1.94188	0.010617
42.65	0.625437	1.91539	0.0128569
42.7	0.719643	1.88412	0.0149745
42.75	0.81205	1.84814	0.0169487
42.8	0.902427	1.80754	0.0187598
42.85	0.990548	1.76241	0.0203896
42.9	1.07619	1.71289	0.0218219
42.95	1.15915	1.65908	0.0230424
43	1.2392	1.60112	0.0240389
43.05	1.31616	1.53916	0.0248014
43.1	1.38983	1.47335	0.0253223
43.15	1.46002	1.40386	0.0255963
43.2	1.52656	1.33086	0.0256208
43.25	1.58929	1.25453	0.0253955
43.3	1.64804	1.17507	0.0249227
43.35	1.70268	1.09266	0.024207
43.4	1.75305	1.00753	0.0232557
43.45	1.79905	0.919878	0.0220782
43.5	1.84054	0.829926	0.0206863
43.55	1.87744	0.737899	0.0190939
43.6	1.90964	0.644027	0.017317
43.65	1.93707	0.548545	0.0153732
43.7	1.95965	0.451691	0.0132821
43.75	1.97734	0.353709	0.0110645
43.8	1.99008	0.254842	0.00874252
43.85	1.99785	0.155338	0.00633944
43.9	2.00062	0.0554457	0.00387927
43.95	1.99839	-0.0445852	0.00138657
44	1.99116	-0.144505	-0.00111373
44.05	1.97896	-0.244063	-0.00359665
44.1	1.96181	-0.343011	-0.00603738
44.15	1.93975	-0.441101	-0.00841152
44.2	1.91285	-0.538089	-0.0106954
44.25	1.88116	-0.633732	-0.012866
44.3	1.84477	-0.72779	-0.0149019
44.35	1.80377	-0.820028	-0.0167826
44.4	1.75826	-0.910217	-0.0184893
44.45	1.70836	-0.99813	-0.020005
44.5	1.65418	-1.08355	-0.0213145
44.55	1.59587	-1.16626	-0.0224048
44.6	1.53356	-1.24605	-0.0232649
44.65	1.46743	-1.32273	-0.0238862
44.7	1.39762	-1.3961	-0.0242626
44.75	1.32432	-1.46598	-0.0243902
44.8	1.24771	-1.5322	-0.0242679
44.85	1.16798	-1.59458	-0.0238968
44.9	1.08533	-1.65298	-0.0232806
44.95	0.999972	-1.70725	-0.0224255
45	0.912109	-1.75725	-0.02134
45.05	0.821967	-1.80285	-0.020035
45.1	0.729769	-1.84395	-0.0185236
45.15	0.635747	-1.88044	-0.0168207
45.2	0.540136	-1.91223	-0.0149436
45.25	0.443174	-1.93923	-0.0129108
45.3	0.345105	-1.96139	-0.0107427
45.35	0.246172	-1.97865	-0.00846107
45.4	0.146625	-1.99096	-0.0060886
45.45	0.0467103	-1.99829	-0.00364904
45.5	-0.0533209	-2.00062	-0.00116676
45.55	-0.153219	-1.99796	0.00133344
45.6	-0.252733	-1.9903	0.00382655
45.65	-0.351616	-1.97766	0.00628768
45.7	-0.44962	-1.96008	0.00869222
45.75	-0.5465	-1.9376	0.0110161
45.8	-0.642014	-1.91027	0.0132362
45.85	-0.735922	-1.87817	0.0153303
45.9	-0.827991	-1.84138	0.0172774
45.95	-0.91799	-1.79998	0.019058
46	-1.00569	-1.75408	0.0206545
46.05	-1.09088	-1.70379	0.0220508
46.1	-1.17335	-1.64925	0.023233
46.15	-1.25287	-1.59058	0.0241892
46.2	-1.32927	-1.52794	0.02491
46.25	-1.40235	-1.46147	0.025388
46.3	-1.47191	-1.39136	0.0256186
46.35	-1.5378	-1.31776	0.0255994
46.4	-1.59984	-1.24087	0.0253307
46.45	-1.65789	-1.16088	0.024815
46.5	-1.71179	-1.07798	0.0240576
46.55	-1.76141	-0.992394	0.023066
46.6	-1.80662	-0.904323	0.0218501
46.65	-1.84732	-0.813992	0.0204221
46.7	-1.8834	-0.721626	0.0187963
46.75	-1.91478	-0.627456	0.0169889
46.8	-1.94136	-0.531717	0.015018
46.85	-1.9631	-0.434649	0.0129032
46.9	-1.97992	-0.336494	0.0106657
46.95	-1.99179	-0.237498	0.00832789
47	-1.99869	-0.137908	0.0059131
47.05	-2.00059	-0.0379739	0.00344545
47.1	-1.99749	0.0620555	0.000949628
47.15	-1.98939	0.16193	-0.00154944
47.2	-1.97632	0.261399	-0.00402677
47.25	-1.95831	0.360215	-0.00645761
47.3	-1.9354	0.458131	-0.00881766
47.35	-1.90766	0.554901	-0.0110833
47.4	-1.87514	0.650284	-0.013232
47.45	-1.83794	0.744041	-0.0152422
47.5	-1.79614	0.835938	-0.0170938
47.55	-1.74986	0.925745	-0.0187683
47.6	-1.6992	1.01324	-0.020249
47.65	-1.64429	1.0982	-0.0215211
47.7	-1.58526	1.18041	-0.0225719
47.75	-1.52228	1.25968	-0.0233908
47.8	-1.45549	1.33579	-0.0239697
47.85	-1.38506	1.40856	-0.0243029
47.9	-1.31117	1.47782	-0.0243869
47.95	-1.234	1.54338	-0.0242209
48	-1.15375	1.60508	-0.0238066
48.05	-1.07061	1.66276	-0.0231482
48.1	-0.984797	1.71629	-0.0222522
48.15	-0.89652	1.76553	-0.0211275
48.2	-0.806002	1.81036	-0.0197855
48.25	-0.713469	1.85066	-0.0182394
48.3	-0.619153	1.88633	-0.0165049
48.35	-0.523288	1.91729	-0.0145991
48.4	-0.426115	1.94346	-0.0125412
48.45	-0.327877	1.96476	-0.0103517
48.5	-0.228819	1.98116	-0.00805251
48.55	-0.12919	1.9926	-0.00566659
48.6	-0.0292369	1.99906	-0.00321778
48.65	0.070789	2.00052	-0.000730577
48.7	0.170638	1.99698	0.00177018
48.75	0.27006	1.98845	0.0042595
48.8	0.368807	1.97494	0.0067125
48.85	0.466632	1.9565	0.00910467
48.9	0.563291	1.93317	0.0114121
48.95	0.658541	1.90501	0.0136117
49	0.752145	1.87208	0.0156816
49.05	0.843869	1.83447	0.0176009
49.1	0.933483	1.79228	0.0193507
49.15	1.02076	1.7456	0.0209133
49.2	1.10549	1.69457	0.0222731
49.25	1.18746	1.63929	0.0234166
49.3	1.26645	1.57992	0.0243323
49.35	1.34228	1.5166	0.0250111
49.4	1.41476	1.44948	0.0254462
49.45	1.48369	1.37874	0.0256333
49.5	1.54892	1.30456	0.0255704
49.55	1.61028	1.22711	0.0252583
49.6	1.66761	1.1466	0.0246999
49.65	1.72077	1.06322	0.023901
49.7	1.76963	0.977181	0.0228694
49.75	1.81406	0.8887	0.0216156
49.8	1.85396	0.797997	0.020152
49.85	1.88923	0.705299	0.0184932
49.9	1.91977	0.610837	0.0166559
49.95	1.94551	0.514849	0.0146583
50	1.96639	0.417573	0.0125206
50.05	1.98235	0.319254	0.0102639
50.1	1.99336	0.220136	0.00791092
50.15	1.99938	0.120468	0.00548513
50.2	2.00041	0.0204993	0.00301078
50.25	1.99643	-0.0795211	0.000512586
50.3	1.98746	-0.179343	-0.00198448
50.35	1.97353	-0.278716	-0.00445546
50.4	1.95466	-0.377392	-0.00687567
50.45	1.9309	-0.475125	-0.00922092
50.5	1.90232	-0.57167	-0.0114678
50.55	1.86898	-0.666786	-0.0135937
50.6	1.83097	-0.760235	-0.0155776
50.65	1.78838	-0.851784	-0.0173996
50.7	1.74132	-0.941203	-0.0190414
50.75	1.68991	-1.02827	-0.0204867
50.8	1.63427	-1.11276	-0.021721
50.85	1.57454	-1.19448	-0.0227319
50.9	1.51088	-1.2732	-0.0235095
50.95	1.44345	-1.34875	-0.0240458
51	1.3724	-1.42092	-0.0243356
51.05	1.29792	-1.48954	-0.0243759
51.1	1.2202	-1.55444	-0.0241664
51.15	1.13943	-1.61545	-0.0237091
51.2	1.05581	-1.67242	-0.0230086
51.25	0.969547	-1.72521	-0.0220719
51.3	0.880863	-1.77369	-0.0209084
51.35	0.789976	-1.81773	-0.0195297
51.4	0.697115	-1.85723	-0.0179495
51.45	0.602511	-1.89208	-0.0161838
51.5	0.5064	-1.92221	-0.01425
51.55	0.409024	-1.94753	-0.0121676
51.6	0.310625	-1.96798	-0.00995732
51.65	0.211449	-1.98351	-0.00764129
51.7	0.111745	-1.99408	-0.00524265
51.75	0.0117613	-1.99967	-0.00278536
51.8	-0.0882517	-2.00026	-0.000293983
51.85	-0.188044	-1.99585	0.00220658
51.9	-0.287366	-1.98644	0.00469134
51.95	-0.38597	-1.97208	0.00713547
52	-0.483609	-1.95278	0.00951453
52.05	-0.580039	-1.9286	0.0118048
52.1	-0.675019	-1.8996	0.0139833
52.15	-0.768311	-1.86584	0.0160283
52.2	-0.859682	-1.82743	0.0179194
52.25	-0.948905	-1.78444	0.0196376
52.3	-1.03575	-1.737	0.0211658
52.35	-1.12002	-1.68521	0.0224888
52.4	-1.20148	-1.62921	0.0235933
52.45	-1.27993	-1.56914	0.0244682
52.5	-1.35519	-1.50514	0.0251049
52.55	-1.42706	-1.43738	0.0254969
52.6	-1.49536	-1.36603	0.0256403
52.65	-1.55992	-1.29126	0.0255338
52.7	-1.62059	-1.21326	0.0251783
52.75	-1.6772	-1.13223	0.0245775
52.8	-1.72962	-1.04837	0.0237373
52.85	-1.77771	-0.961894	0.0226661
52.9	-1.82136	-0.873009	0.0213746
52.95	-1.86046	-0.78194	0.0198758
53	-1.8949	-0.688917	0.0181846
53.05	-1.92461	-0.594172	0.0163179
53.1	-1.94951	-0.497942	0.0142944
53.15	-1.96953	-0.400466	0.0121343
53.2	-1.98463	-0.301989	0.00985914
53.25	-1.99477	-0.202758	0.00749173
53.3	-1.99992	-0.103019	0.00505569
53.35	-2.00007	-0.00302304	0.00257538
53.4	-1.99522	0.0969806	7.55787e-05
53.45	-1.98539	0.196742	-0.00241873
53.5	-1.97059	0.296011	-0.00488261
53.55	-1.95086	0.394541	-0.00729145
53.6	-1.92626	0.492084	-0.00962116
53.65	-1.89684	0.588396	-0.0118485
53.7	-1.86267	0.683238	-0.0139511
53.75	-1.82386	0.776372	-0.0159081
53.8	-1.78048	0.867564	-0.0176999
53.85	-1.73265	0.956588	-0.0193085
53.9	-1.68049	1.04322	-0.0207179
53.95	-1.62412	1.12725	-0.021914
54	-1.5637	1.20845	-0.0228848
54.05	-1.49937	1.28664	-0.0236207
54.1	-1.43129	1.3616	-0.0241143
54.15	-1.35963	1.43317	-0.0243606
54.2	-1.28457	1.50115	-0.0243573
54.25	-1.2063	1.56538	-0.0241042
54.3	-1.12502	1.62569	-0.0236041
54.35	-1.04092	1.68195	-0.0228617
54.4	-0.954223	1.73399	-0.0218847
54.45	-0.865138	1.7817	-0.0206827
54.5	-0.77389	1.82496	-0.0192677
54.55	-0.680707	1.86365	-0.017654
54.6	-0.585823	1.89769	-0.0158575
54.65	-0.489474	1.92698	-0.0138964
54.7	-0.391901	1.95145	-0.0117901
54.75	-0.293348	1.97105	-0.00955971
54.8	-0.194062	1.98572	-0.00722755
54.85	-0.0942915	1.99542	-0.00481691
54.9	0.00571525	2.00013	-0.00235189
54.95	0.105708	1.99985	0.000142891
55	0.205436	1.99456	0.00264249
55.05	0.30465	1.98429	0.00512194
55.1	0.403103	1.96906	0.00755644
55.15	0.500549	1.9489	0.00992168
55.2	0.596742	1.92388	0.012194
55.25	0.691444	1.89404	0.0143507
55.3	0.784418	1.85947	0.0163703
55.35	0.87543	1.82025	0.0182325
55.4	0.964254	1.77647	0.0199187
55.45	1.05067	1.72826	0.0214122
55.5	1.13445	1.67573	0.0226979
55.55	1.2154	1.61901	0.023763
55.6	1.29332	1.55824	0.0245968
55.65	1.36799	1.49357	0.0251911
55.7	1.43925	1.42517	0.0255399
55.75	1.50691	1.35321	0.0256398
55.8	1.57081	1.27786	0.0254896
55.85	1.63077	1.19932	0.0250909
55.9	1.68666	1.11778	0.0244478
55.95	1.73833	1.03345	0.0235665
56	1.78566	0.946534	0.022456
56.05	1.82852	0.857251	0.0211273
56.1	1.86681	0.765824	0.0195938
56.15	1.90044	0.672484	0.0178706
56.2	1.92931	0.577462	0.0159752
56.25	1.95336	0.480996	0.0139263
56.3	1.97253	0.383328	0.0117445
56.35	1.98676	0.284702	0.00945157
56.4	1.99603	0.185364	0.00707044
56.45	2.00031	0.085562	0.00462489
56.5	1.99959	-0.0144534	0.00213938
56.55	1.99386	-0.114433	-0.000361261
56.6	1.98316	-0.214126	-0.00285204
56.65	1.96749	-0.313284	-0.00530807
56.7	1.94691	-0.411659	-0.0077048
56.75	1.92146	-0.509004	-0.0100183
56.8	1.89121	-0.605077	-0.0122254
56.85	1.85623	-0.699638	-0.0143041
56.9	1.8166	-0.792449	-0.0162336
56.95	1.77244	-0.883279	-0.0179946
57	1.72384	-0.971901	-0.0195695
57.05	1.67094	-1.05809	-0.0209426
57.1	1.61386	-1.14164	-0.0221001
57.15	1.55274	-1.22233	-0.0230306
57.2	1.48774	-1.29997	-0.0237246
57.25	1.41902	-1.37436	-0.0241753
57.3	1.34676	-1.44531	-0.0243781
57.35	1.27113	-1.51265	-0.024331
57.4	1.19232	-1.5762	-0.0240346
57.45	1.11053	-1.63582	-0.0234917
57.5	1.02596	-1.69134	-0.0227077
57.55	0.938826	-1.74264	-0.0216906
57.6	0.849347	-1.78958	-0.0204505
57.65	0.757744	-1.83205	-0.0189997
57.7	0.664247	-1.86994	-0.0173528
57.75	0.56909	-1.90315	-0.0155263
57.8	0.47251	-1.93161	-0.0135383
57.85	0.374748	-1.95523	-0.0114088
57.9	0.27605	-1.97397	-0.00915899
57.95	0.176661	-1.98777	-0.00681142
58	0.0768309	-1.9966	-0.00438952
58.05	-0.0231913	-2.00045	-0.00191751
58.1	-0.123156	-1.99929	0.000579912
58.15	-0.222812	-1.99313	0.00307779
58.2	-0.321911	-1.98199	0.00555116
58.25	-0.420206	-1.96589	0.0079753
58.3	-0.51745	-1.94488	0.010326
58.35	-0.613401	-1.91901	0.0125797
58.4	-0.707817	-1.88834	0.014714
58.45	-0.800465	-1.85295	0.0167075
58.5	-0.891111	-1.81292	0.0185402
58.55	-0.97953	-1.76837	0.020194
58.6	-1.0655	-1.71939	0.0216521
58.65	-1.14881	-1.66612	0.0229001
58.7	-1.22924	-1.60868	0.0239256
58.75	-1.3066	-1.54722	0.0247181
58.8	-1.38069	-1.48189	0.0252699
58.85	-1.45134	-1.41285	0.0255754
58.9	-1.51835	-1.34028	0.0256315
58.95	-1.58157	-1.26437	0.0254378
59	-1.64083	-1.18529	0.024996
59.05	-1.696	-1.10325	0.0243108
59.1	-1.74692	-1.01845	0.0233888
59.15	-1.79347	-0.931101	0.0222393
59.2	-1.83554	-0.841427	0.0208738
59.25	-1.87303	-0.74965	0.019306
59.3	-1.90583	-0.655999	0.0175514
59.35	-1.93386	-0.560707	0.0156277
59.4	-1.95706	-0.464014	0.0135541
59.45	-1.97537	-0.366161	0.0113513
59.5	-1.98874	-0.267392	0.0090413
59.55	-1.99714	-0.167955	0.00664718
59.6	-2.00054	-0.0680984	0.00419288
59.65	-1.99895	0.0319288	0.00170292
59.7	-1.99235	0.131876	-0.000797799
59.75	-1.98078	0.231494	-0.0032843
59.8	-1.96425	0.330533	-0.00573172
59.85	-1.94281	0.428745	-0.00811562
59.9	-1.91652	0.525886	-0.0104122
59.95	-1.88543	0.621712	-0.0125984
60	-1.84964	0.715984	-0.0146525
60.05	-1.80921	0.808466	-0.0165539
60.1	-1.76427	0.898926	-0.0182836
60.15	-1.71491	0.98714	-0.0198243
60.2	-1.66126	1.07288	-0.0211607
60.25	-1.60347	1.15595	-0.0222793
60.3	-1.54166	1.23612	-0.0231691
60.35	-1.476	1.3132	-0.023821
60.4	-1.40665	1.387	-0.0242286
60.45	-1.33378	1.45734	-0.0243879
60.5	-1.25758	1.52403	-0.0242972
60.55	-1.17824	1.58691	-0.0239574
60.6	-1.09595	1.64582	-0.0233719
60.65	-1.01092	1.70061	-0.0225466
60.7	-0.923358	1.75116	-0.0214897
60.75	-0.833491	1.79733	-0.0202118
60.8	-0.741541	1.839	-0.0187257
60.85	-0.647737	1.87608	-0.0170462
60.9	-0.552314	1.90847	-0.0151901
60.95	-0.45551	1.93608	-0.0131759
61	-0.357567	1.95886	-0.0110238
61.05	-0.25873	1.97674	-0.00875528
61.1	-0.159246	1.98967	-0.00639301
61.15	-0.0593645	1.99764	-0.0039606
61.2	0.0406656	2.0006	-0.00148236
61.25	0.140594	1.99857	0.00101695
61.3	0.240171	1.99154	0.00351234
61.35	0.339148	1.97953	0.00597888
61.4	0.437276	1.96257	0.00839192
61.45	0.534312	1.94071	0.0107273
61.5	0.630012	1.914	0.0129618
61.55	0.724136	1.88249	0.015073
61.6	0.816451	1.84629	0.0170398
61.65	0.906724	1.80547	0.0188425
61.7	0.994731	1.76013	0.0204632
61.75	1.08025	1.71039	0.0218857
61.8	1.16307	1.65638	0.0230956
61.85	1.24298	1.59823	0.0240811
61.9	1.31978	1.53608	0.0248321
61.95	1.39329	1.47009	0.0253411
62	1.46331	1.40042	0.0256032
62.05	1.52967	1.32726	0.0256157
62.1	1.59221	1.25077	0.0253784
62.15	1.65077	1.17116	0.0248937
62.2	1.7052	1.08863	0.0241665
62.25	1.75537	1.00337	0.0232041
62.3	1.80115	0.915597	0.022016
62.35	1.84243	0.82554	0.0206141
62.4	1.8791	0.733418	0.0190124
62.45	1.91107	0.639463	0.0172271
62.5	1.93827	0.54391	0.0152757
62.55	1.96062	0.446997	0.013178
62.6	1.97806	0.348966	0.0109549
62.65	1.99057	0.250063	0.00862846
62.7	1.99809	0.150534	0.00622208
62.75	2.00063	0.0506295	0.00375977
62.8	1.99816	-0.0494017	0.00126613
62.85	1.99069	-0.149309	-0.0012339
62.9	1.97825	-0.248844	-0.00371536
62.95	1.96086	-0.347756	-0.00615344
63	1.93857	-0.445799	-0.00852377
63.05	1.91143	-0.542728	-0.0108027
63.1	1.87952	-0.638299	-0.0129673
63.15	1.8429	-0.732275	-0.0149962
63.2	1.80168	-0.824421	-0.0168689
63.25	1.75596	-0.914505	-0.0185668
63.3	1.70584	-1.0023	-0.0200729
63.35	1.65146	-1.08759	-0.0213721
63.4	1.59295	-1.17017	-0.0224515
63.45	1.53046	-1.24982	-0.0233003
63.5	1.46415	-1.32634	-0.02391
63.55	1.39417	-1.39955	-0.0242744
63.6	1.32071	-1.46925	-0.0243901
63.65	1.24394	-1.53529	-0.0242557
63.7	1.16407	-1.59749	-0.0238727
63.75	1.08128	-1.65569	-0.0232448
63.8	0.995796	-1.70975	-0.0223784
63.85	0.907819	-1.75954	-0.0212821
63.9	0.817572	-1.80494	-0.0199668
63.95	0.725281	-1.84581	-0.0184458
64	0.631177	-1.88208	-0.0167342
64.05	0.535496	-1.91364	-0.0148491
64.1	0.438475	-1.94041	-0.0128093
64.15	0.340358	-1.96234	-0.0106353
64.2	0.24139	-1.97935	-0.00834871
64.25	0.141819	-1.99142	-0.00597246
64.3	0.0418936	-1.99851	-0.00353028
64.35	-0.0581368	-2.00061	-0.00104656
64.4	-0.158022	-1.9977	0.00145386
64.45	-0.257512	-1.9898	0.00394601
64.5	-0.356358	-1.97693	0.00640497
64.55	-0.454314	-1.95911	0.00880617
64.6	-0.551133	-1.93639	0.0111256
64.65	-0.646575	-1.90884	0.0133401
64.7	-0.7404	-1.87651	0.0154276
64.75	-0.832375	-1.83949	0.0173671
64.8	-0.922268	-1.79787	0.0191393
64.85	-1.00986	-1.75175	0.0207264
64.9	-1.09492	-1.70126	0.0221127
64.95	-1.17724	-1.64652	0.0232843
65	-1.25663	-1.58765	0.0242294
65.05	-1.33287	-1.52482	0.0249386
65.1	-1.40578	-1.45818	0.0254048
65.15	-1.47517	-1.38789	0.0256234
65.2	-1.54088	-1.31413	0.0255922
65.25	-1.60273	-1.23709	0.0253114
65.3	-1.66058	-1.15695	0.024784
65.35	-1.71428	-1.07392	0.0240151
65.4	-1.76369	-0.988208	0.0230125
65.45	-1.80869	-0.900023	0.0217861
65.5	-1.84917	-0.809589	0.0203483
65.55	-1.88502	-0.717131	0.0187133
65.6	-1.91617	-0.622879	0.0168976
65.65	-1.94252	-0.527071	0.0149193
65.7	-1.96402	-0.429945	0.0127981
65.75	-1.98061	-0.331744	0.0105552
65.8	-1.99224	-0.232714	0.00821318
65.85	-1.9989	-0.133102	0.00579527
65.9	-2.00055	-0.0331568	0.00332571
65.95	-1.99721	0.0668709	0.000829151
66	-1.98887	0.166731	-0.00166944
66.05	-1.97557	0.266175	-0.0041451
66.1	-1.95732	0.364953	-0.00657308
66.15	-1.93418	0.462819	-0.00892912
66.2	-1.9062	0.559528	-0.0111897
66.25	-1.87346	0.654838	-0.0133322
66.3	-1.83603	0.748511	-0.0153351
66.35	-1.79402	0.840313	-0.0171786
66.4	-1.74752	0.930014	-0.0188442
66.45	-1.69665	1.01739	-0.0203152
66.5	-1.64154	1.10222	-0.0215769
66.55	-1.58232	1.1843	-0.0226167
66.6	-1.51915	1.26341	-0.0234243
66.65	-1.45218	1.33937	-0.0239915
66.7	-1.38158	1.41198	-0.0243126
66.75	-1.30753	1.48106	-0.0243846
66.8	-1.23021	1.54644	-0.0242066
66.85	-1.14981	1.60795	-0.0237805
66.9	-1.06654	1.66544	-0.0231104
66.95	-0.9806	1.71876	-0.0222032
67	-0.892211	1.76779	-0.0210678
67.05	-0.80159	1.81241	-0.0197156
67.1	-0.708966	1.85248	-0.0181601
67.15	-0.614569	1.88793	-0.0164169
67.2	-0.518636	1.91866	-0.0145033
67.25	-0.421407	1.94459	-0.0124386
67.3	-0.323124	1.96566	-0.0102433
67.35	-0.224033	1.98182	-0.0079394
67.4	-0.124381	1.99302	-0.0055499
67.45	-0.0244195	1.99924	-0.00309869
67.5	0.0756036	2.00046	-0.000610255
67.55	0.175438	1.99668	0.00189053
67.6	0.274833	1.98791	0.00437866
67.65	0.373542	1.97417	0.00682929
67.7	0.471316	1.95549	0.00921792
67.75	0.567912	1.93192	0.0115207
67.8	0.663089	1.90353	0.0137145
67.85	0.756608	1.87037	0.0157776
67.9	0.848235	1.83254	0.0176892
67.95	0.937741	1.79013	0.0194303
68	1.0249	1.74325	0.0209835
68.05	1.1095	1.692	0.0223332
68.1	1.19133	1.63653	0.023466
68.15	1.27018	1.57696	0.0243705
68.2	1.34585	1.51345	0.0250377
68.25	1.41816	1.44616	0.025461
68.3	1.48692	1.37525	0.025636
68.35	1.55197	1.3009	0.0255611
68.4	1.61313	1.22331	0.025237
68.45	1.67026	1.14265	0.0246669
68.5	1.72322	1.05914	0.0238566
68.55	1.77187	0.972974	0.022814
68.6	1.81609	0.884381	0.0215498
68.65	1.85577	0.793577	0.0200764
68.7	1.89081	0.700788	0.0184087
68.75	1.92112	0.606248	0.0165632
68.8	1.94663	0.510192	0.0145584
68.85	1.96727	0.41286	0.0124144
68.9	1.983	0.314497	0.0101526
68.95	1.99376	0.215347	0.00779558
69	1.99955	0.115659	0.00536689
69.05	2.00033	0.0156816	0.00289082
69.1	1.99611	-0.0843349	0.000392105
69.15	1.98691	-0.184141	-0.00210428
69.2	1.97273	-0.283486	-0.00457338
69.25	1.95363	-0.382123	-0.00699052
69.3	1.92964	-0.479804	-0.00933156
69.35	1.90082	-0.576286	-0.0115731
69.4	1.86726	-0.671327	-0.0136927
69.45	1.82902	-0.76469	-0.0156692
69.5	1.78621	-0.856141	-0.0174829
69.55	1.73894	-0.945451	-0.0191156
69.6	1.68732	-1.0324	-0.0205511
69.65	1.63148	-1.11676	-0.0217749
69.7	1.57157	-1.19834	-0.0227748
69.75	1.50772	-1.27692	-0.0235409
69.8	1.44011	-1.3523	-0.0240654
69.85	1.36889	-1.42431	-0.0243432
69.9	1.29425	-1.49275	-0.0243715
69.95	1.21638	-1.55747	-0.02415
70	1.13546	-1.61828	-0.0236809
70.05	1.05171	-1.67506	-0.0229688
70.1	0.96533	-1.72764	-0.022021
70.15	0.876534	-1.77591	-0.0208468
70.2	0.785548	-1.81974	-0.0194581
70.25	0.692597	-1.85901	-0.0178686
70.3	0.597915	-1.89364	-0.0160943
70.35	0.501738	-1.92354	-0.014153
70.4	0.404306	-1.94863	-0.0120639
70.45	0.305864	-1.96884	-0.00984803
70.5	0.206658	-1.98413	-0.00752748
70.55	0.106934	-1.99447	-0.00512546
70.6	0.00694347	-1.99981	-0.00266596
70.65	-0.0930646	-2.00016	-0.000173571
70.7	-0.19284	-1.99551	0.0023268
70.75	-0.292133	-1.98587	0.00481017
70.8	-0.390696	-1.97126	0.00725172
70.85	-0.488283	-1.95172	0.00962705
70.9	-0.584648	-1.92731	0.0119124
70.95	-0.679552	-1.89808	0.014085
71	-0.772757	-1.8641	0.016123
71.05	-0.86403	-1.82546	0.0180062
71.1	-0.953143	-1.78226	0.0197157
71.15	-1.03987	-1.7346	0.0212344
71.2	-1.124	-1.68261	0.0225471
71.25	-1.20532	-1.62641	0.0236408
71.3	-1.28363	-1.56614	0.0245044
71.35	-1.35873	-1.50196	0.0251294
71.4	-1.43043	-1.43403	0.0255095
71.45	-1.49856	-1.3625	0.0256409
71.5	-1.56294	-1.28758	0.0255224
71.55	-1.62341	-1.20943	0.025155
71.6	-1.67982	-1.12826	0.0245425
71.65	-1.73203	-1.04427	0.0236909
71.7	-1.77992	-0.957667	0.0226088
71.75	-1.82335	-0.868671	0.0213071
71.8	-1.86223	-0.777504	0.0197986
71.85	-1.89644	-0.684392	0.0180986
71.9	-1.92592	-0.58957	0.0162239
71.95	-1.95059	-0.493274	0.0141933
72	-1.97037	-0.395745	0.0120272
72.05	-1.98524	-0.297226	0.00974706
72.1	-1.99513	-0.197964	0.00737579
72.15	-2.00004	-0.0982074	0.00493706
72.2	-1.99995	0.00179481	0.00245524
72.25	-1.99486	0.101793	-4.48693e-05
72.3	-1.98479	0.201536	-0.00253828
72.35	-1.96975	0.300775	-0.00500007
72.4	-1.94979	0.399263	-0.00740565
72.45	-1.92495	0.496752	-0.00973096
72.5	-1.8953	0.592999	-0.0119528
72.55	-1.86091	0.687764	-0.0140489
72.6	-1.82187	0.78081	-0.0159983
72.65	-1.77827	0.871903	-0.0177817
72.7	-1.73023	0.960817	-0.019381
72.75	-1.67787	1.04733	-0.0207805
72.8	-1.62131	1.13122	-0.021966
72.85	-1.56069	1.21229	-0.0229257
72.9	-1.49618	1.29032	-0.0236501
72.95	-1.42792	1.36513	-0.0241319
73	-1.35609	1.43653	-0.0243662
73.05	-1.28088	1.50433	-0.0243508
73.1	-1.20246	1.56838	-0.0240858
73.15	-1.12103	1.6285	-0.0235738
73.2	-1.03681	1.68455	-0.02282
73.25	-0.949986	1.73639	-0.0218319
73.3	-0.860791	1.78389	-0.0206193
73.35	-0.769445	1.82693	-0.0191945
73.4	-0.676175	1.8654	-0.0175715
73.45	-0.581214	1.89921	-0.0157667
73.5	-0.484801	1.92827	-0.0137981
73.55	-0.387175	1.95251	-0.0116853
73.6	-0.288582	1.97187	-0.00944955
73.65	-0.189267	1.9863	-0.00711307
73.7	-0.0894787	1.99576	-0.00469925
73.75	0.0105331	2.00024	-0.00223223
73.8	0.110519	1.99971	0.000263358
73.85	0.210228	1.99418	0.00276256
73.9	0.309411	1.98367	0.00524041
73.95	0.407821	1.9682	0.00767213
74	0.505212	1.94781	0.0100334
74.05	0.601339	1.92255	0.0123007
74.1	0.695963	1.89248	0.0144513
74.15	0.788848	1.85768	0.0164637
74.2	0.87976	1.81824	0.0183179
74.25	0.968472	1.77425	0.0199952
74.3	1.05476	1.72583	0.0214789
74.35	1.13842	1.67309	0.0227543
74.4	1.21923	1.61617	0.0238085
74.45	1.29699	1.55521	0.024631
74.5	1.37151	1.49036	0.0252136
74.55	1.44259	1.42179	0.0255505
74.6	1.51008	1.34966	0.0256382
74.65	1.57379	1.27415	0.0254761
74.7	1.63356	1.19546	0.0250655
74.75	1.68925	1.11378	0.0244107
74.8	1.74071	1.02932	0.0235182
74.85	1.78783	0.942286	0.0223969
74.9	1.83047	0.852895	0.0210581
74.95	1.86854	0.761371	0.019515
75	1.90194	0.667944	0.0177832
75.05	1.93058	0.572847	0.0158799
75.1	1.9544	0.476318	0.0138241
75.15	1.97333	0.378598	0.0116364
75.2	1.98732	0.279932	0.00933873
75.25	1.99635	0.180566	0.00695394
75.3	2.00039	0.0807483	0.00450591
75.35	1.99943	-0.0192711	0.0020191
75.4	1.99346	-0.119242	-0.000481639
75.45	1.98252	-0.218916	-0.00297132
75.5	1.96662	-0.318041	-0.00542505
75.55	1.9458	-0.416372	-0.00781831
75.6	1.92011	-0.513662	-0.0101272
75.65	1.88963	-0.609668	-0.0123286
75.7	1.85442	-0.704149	-0.0144006
75.75	1.81458	-0.79687	-0.0163224
75.8	1.7702	-0.887599	-0.0180748
75.85	1.72139	-0.976109	-0.0196403
75.9	1.66829	-1.06218	-0.0210034
75.95	1.61101	-1.14559	-0.0221502
76	1.5497	-1.22614	-0.0230695
76.05	1.48452	-1.30363	-0.0237519
76.1	1.41562	-1.37785	-0.0241907
76.15	1.34319	-1.44864	-0.0243815
76.2	1.2674	-1.5158	-0.0243224
76.25	1.18844	-1.57917	-0.024014
76.3	1.10651	-1.63859	-0.0234594
76.35	1.02182	-1.69391	-0.022664
76.4	0.934569	-1.745	-0.0216359
76.45	0.844982	-1.79173	-0.0203853
76.5	0.753283	-1.83398	-0.0189248
76.55	0.659701	-1.87165	-0.0172688
76.6	0.564469	-1.90463	-0.0154341
76.65	0.467827	-1.93285	-0.0134388
76.7	0.370014	-1.95625	-0.011303
76.75	0.271277	-1.97475	-0.00904799
76.8	0.171862	-1.98831	-0.00669629
76.85	0.0720164	-1.9969	-0.00427143
76.9	-0.0280088	-2.0005	-0.00179762
76.95	-0.127964	-1.9991	0.000700396
77	-0.227599	-1.99271	0.00319767
77.05	-0.326666	-1.98133	0.00566923
77.1	-0.424915	-1.96499	0.00809038
77.15	-0.522102	-1.94375	0.0104369
77.2	-0.617985	-1.91764	0.0126854
77.25	-0.712322	-1.88674	0.0148134
77.3	-0.804878	-1.85113	0.0167996
77.35	-0.895422	-1.81088	0.0186241
77.4	-0.983728	-1.76611	0.0202688
77.45	-1.06957	-1.71692	0.0217172
77.5	-1.15275	-1.66345	0.0229547
77.55	-1.23304	-1.60581	0.0239691
77.6	-1.31024	-1.54416	0.0247503
77.65	-1.38418	-1.47864	0.0252903
77.7	-1.45465	-1.40944	0.0255838
77.75	-1.52148	-1.3367	0.0256279
77.8	-1.58452	-1.26063	0.0254222
77.85	-1.64359	-1.1814	0.0249686
77.9	-1.69855	-1.09922	0.0242717
77.95	-1.74926	-1.0143	0.0233385
78	-1.7956	-0.926834	0.0221784
78.05	-1.83746	-0.837054	0.0208028
78.1	-1.87471	-0.745181	0.0192256
78.15	-1.90729	-0.651445	0.0174625
78.2	-1.93509	-0.556081	0.0155312
78.25	-1.95806	-0.459326	0.0134508
78.3	-1.97613	-0.361423	0.0112423
78.35	-1.98926	-0.262617	0.00892774
78.4	-1.99742	-0.163154	0.00653017
78.45	-2.00058	-0.0632831	0.00407358
78.5	-1.99874	0.0367459	0.00158254
78.55	-1.99191	0.136683	-0.000918071
78.6	-1.9801	0.236279	-0.00340326
78.65	-1.96333	0.335283	-0.00584818
78.7	-1.94166	0.43345	-0.00822841
78.75	-1.91513	0.530533	-0.0105202
78.8	-1.88382	0.62629	-0.0127005
78.85	-1.84779	0.72048	-0.0147477
78.9	-1.80715	0.81287	-0.0166412
78.95	-1.76199	0.903228	-0.0183622
79	-1.71242	0.991327	-0.0198935
79.05	-1.65858	1.07695	-0.0212196
79.1	-1.60058	1.15988	-0.0223275
79.15	-1.53859	1.23991	-0.023206
79.2	-1.47274	1.31684	-0.0238463
79.25	-1.40322	1.39047	-0.024242
79.3	-1.33019	1.46063	-0.0243893
79.35	-1.25383	1.52714	-0.0242865
79.4	-1.17434	1.58983	-0.0239348
79.45	-1.09191	1.64855	-0.0233376
79.5	-1.00676	1.70315	-0.0225009
79.55	-0.919081	1.75349	-0.0214332
79.6	-0.829109	1.79944	-0.0201449
79.65	-0.737064	1.84089	-0.0186491
79.7	-0.643177	1.87775	-0.0169607
79.75	-0.547682	1.90991	-0.0150966
79.8	-0.450817	1.93729	-0.0130753
79.85	-0.352825	1.95983	-0.010917
79.9	-0.253952	1.97747	-0.00864348
79.95	-0.154443	1.99017	-0.00627729
80	-0.0545486	1.99789	-0.00384211
80.05	0.0454824	2.00062	-0.00136228
80.1	0.1454	1.99835	0.00113741
80.15	0.244953	1.99108	0.00363199
80.2	0.343895	1.97883	0.00609651
80.25	0.441977	1.96163	0.00850636
80.3	0.538953	1.93953	0.0108375
80.35	0.634583	1.91259	0.0130665
80.4	0.728626	1.88086	0.0151712
80.45	0.820847	1.84443	0.0171305
80.5	0.911016	1.80338	0.0189249
80.55	0.998908	1.75783	0.0205364
80.6	1.0843	1.70789	0.0219489
80.65	1.16699	1.65367	0.0231483
80.7	1.24675	1.59532	0.0241227
80.75	1.3234	1.53299	0.0248622
80.8	1.39674	1.46682	0.0253595
80.85	1.46659	1.39698	0.0256095
80.9	1.53277	1.32365	0.02561
80.95	1.59512	1.24701	0.0253607
81	1.65349	1.16725	0.0248642
81.05	1.70772	1.08458	0.0241255
81.1	1.75768	0.999194	0.0231519
81.15	1.80324	0.911311	0.0219532
81.2	1.8443	0.821149	0.0205414
81.25	1.88075	0.728934	0.0189305
81.3	1.91249	0.634896	0.0171367
81.35	1.93945	0.539272	0.0151779
81.4	1.96157	0.442299	0.0130737
81.45	1.97878	0.344221	0.010845
81.5	1.99104	0.245282	0.00851421
81.55	1.99833	0.14573	0.00610458
81.6	2.00062	0.0458131	0.0036402
81.65	1.99791	-0.0542179	0.00114568
81.7	1.9902	-0.154113	-0.00135403
81.75	1.97752	-0.253624	-0.00383397
81.8	1.9599	-0.3525	-0.00626933
81.85	1.93737	-0.450495	-0.0086358
81.9	1.91001	-0.547363	-0.0109097
81.95	1.87786	-0.642864	-0.0130683
82	1.84102	-0.736757	-0.0150901
82.05	1.79958	-0.828808	-0.0169548
82.1	1.75364	-0.918787	-0.0186439
82.15	1.70332	-1.00647	-0.0201403
82.2	1.64874	-1.09164	-0.0214293
82.25	1.59004	-1.17407	-0.0224978
82.3	1.52736	-1.25357	-0.0233352
82.35	1.46086	-1.32994	-0.0239332
82.4	1.39071	-1.40299	-0.0242857
82.45	1.31708	-1.47252	-0.0243893
82.5	1.24017	-1.53837	-0.0242429
82.55	1.16015	-1.60038	-0.023848
82.6	1.07723	-1.65839	-0.0232085
82.65	0.991615	-1.71225	-0.0223308
82.7	0.903523	-1.76183	-0.0212237
82.75	0.813172	-1.80701	-0.0198982
82.8	0.720789	-1.84767	-0.0183676
82.85	0.626604	-1.88371	-0.0166472
82.9	0.530852	-1.91504	-0.0147542
82.95	0.433773	-1.94158	-0.0127075
83	0.33561	-1.96327	-0.0105276
83.05	0.236607	-1.98005	-0.00823614
83.1	0.137013	-1.99188	-0.00585617
83.15	0.0370767	-1.99873	-0.00341142
83.2	-0.0629525	-2.00058	-0.000926328
83.25	-0.162824	-1.99744	0.00157427
83.3	-0.262289	-1.98929	0.00406539
83.35	-0.361098	-1.97618	0.00652213
83.4	-0.459004	-1.95813	0.00891993
83.45	-0.555763	-1.93518	0.0112348
83.5	-0.651132	-1.90739	0.0134437
83.55	-0.744874	-1.87483	0.0155245
83.6	-0.836753	-1.83759	0.0174564
83.65	-0.926541	-1.79575	0.0192201
83.7	-1.01401	-1.74942	0.0207979
83.75	-1.09895	-1.69872	0.0221742
83.8	-1.18114	-1.64377	0.0233351
83.85	-1.26037	-1.58472	0.024269
83.9	-1.33646	-1.5217	0.0249667
83.95	-1.4092	-1.45488	0.0254211
84	-1.47842	-1.38442	0.0256277
84.05	-1.54395	-1.31049	0.0255844
84.1	-1.60561	-1.2333	0.0252917
84.15	-1.66326	-1.15302	0.0247524
84.2	-1.71675	-1.06985	0.0239721
84.25	-1.76596	-0.984016	0.0229585
84.3	-1.81074	-0.895718	0.0217216
84.35	-1.851	-0.805181	0.0202739
84.4	-1.88663	-0.712631	0.0186299
84.45	-1.91755	-0.618299	0.0168059
84.5	-1.94367	-0.522422	0.0148202
84.55	-1.96493	-0.425238	0.0126927
84.6	-1.98128	-0.326992	0.0104445
84.65	-1.99268	-0.227928	0.00809828
84.7	-1.99909	-0.128294	0.00567733
84.75	-2.00051	-0.0283396	0.00320589
84.8	-1.99692	0.0716858	0.000708669
84.85	-1.98835	0.171532	-0.00178939
84.9	-1.9748	0.270949	-0.00426331
84.95	-1.95631	0.369689	-0.00668838
85	-1.93294	0.467505	-0.00904036
85.05	-1.90473	0.564152	-0.0112957
85.1	-1.87176	0.659389	-0.013432
85.15	-1.83411	0.752977	-0.0154277
85.2	-1.79188	0.844682	-0.0172631
85.25	-1.74517	0.934276	-0.0189196
85.3	-1.69409	1.02153	-0.0203808
85.35	-1.63878	1.10624	-0.0216321
85.4	-1.57937	1.18818	-0.022661
85.45	-1.51601	1.26715	-0.0234571
85.5	-1.44886	1.34295	-0.0240126
85.55	-1.37809	1.41539	-0.0243218
85.6	-1.30388	1.48429	-0.0243818
85.65	-1.2264	1.54949	-0.0241918
85.7	-1.14586	1.61081	-0.0237538
85.75	-1.06246	1.6681	-0.0230721
85.8	-0.976398	1.72123	-0.0221536
85.85	-0.887896	1.77005	-0.0210075
85.9	-0.797174	1.81444	-0.0196452
85.95	-0.704459	1.8543	-0.0180803
86	-0.609983	1.88952	-0.0163285
86.05	-0.513982	1.92002	-0.0144072
86.1	-0.416696	1.94572	-0.0123357
86.15	-0.318368	1.96655	-0.0101347
86.2	-0.219244	1.98247	-0.0078261
86.25	-0.119573	1.99344	-0.00543308
86.3	-0.0196019	1.99941	-0.0029795
86.35	0.0804178	2.00039	-0.000489904
86.4	0.180236	1.99637	0.00201084
86.45	0.279605	1.98736	0.00449774
86.5	0.378274	1.97338	0.00694594
86.55	0.475997	1.95447	0.00933097
86.6	0.57253	1.93067	0.011629
86.65	0.667632	1.90204	0.0138171
86.7	0.761065	1.86866	0.0158733
86.75	0.852596	1.83061	0.0177771
86.8	0.941994	1.78798	0.0195096
86.85	1.02904	1.74088	0.0210533
86.9	1.11351	1.68942	0.0223929
86.95	1.1952	1.63375	0.0235149
87	1.2739	1.57399	0.0244082
87.05	1.34941	1.51029	0.0250637
87.1	1.42155	1.44282	0.0254751
87.15	1.49014	1.37175	0.0256381
87.2	1.555	1.29724	0.0255512
87.25	1.61598	1.21949	0.0252151
87.3	1.67291	1.13869	0.0246333
87.35	1.72566	1.05505	0.0238116
87.4	1.7741	0.968762	0.0227582
87.45	1.8181	0.880057	0.0214835
87.5	1.85756	0.789152	0.0200004
87.55	1.89238	0.696274	0.0183237
87.6	1.92246	0.601655	0.0164701
87.65	1.94773	0.505532	0.0144582
87.7	1.96814	0.408145	0.012308
87.75	1.98363	0.309738	0.0100411
87.8	1.99416	0.210557	0.00768007
87.85	1.9997	0.110849	0.00524854
87.9	2.00024	0.0108639	0.0027708
87.95	1.99578	-0.0891482	0.00027163
88	1.98634	-0.188937	-0.00222401
88.05	1.97193	-0.288254	-0.00469117
88.1	1.95258	-0.386851	-0.0071052
88.15	1.92836	-0.48448	-0.00944197
88.2	1.89931	-0.580898	-0.0116781
88.25	1.86552	-0.675863	-0.0137913
88.3	1.82706	-0.769139	-0.0157605
88.35	1.78404	-0.860493	-0.0175658
88.4	1.73655	-0.949695	-0.0191894
88.45	1.68473	-1.03652	-0.020615
88.5	1.62869	-1.12076	-0.0218282
88.55	1.56858	-1.20219	-0.0228171
88.6	1.50455	-1.28062	-0.0235717
88.65	1.43676	-1.35585	-0.0240845
88.7	1.36537	-1.42769	-0.0243503
88.75	1.29057	-1.49596	-0.0243666
88.8	1.21255	-1.56048	-0.024133
88.85	1.13149	-1.62111	-0.0236521
88.9	1.04761	-1.67769	-0.0229285
88.95	0.961107	-1.73007	-0.0219695
89	0.872201	-1.77812	-0.0207848
89.05	0.781114	-1.82173	-0.019386
89.1	0.688075	-1.86079	-0.0177873
89.15	0.593315	-1.89519	-0.0160045
89.2	0.497072	-1.92486	-0.0140556
89.25	0.399587	-1.94971	-0.0119599
89.3	0.301102	-1.96969	-0.00973849
89.35	0.201865	-1.98475	-0.00741348
89.4	0.102123	-1.99484	-0.00500813
89.45	0.00212563	-1.99995	-0.00254649
89.5	-0.097877	-2.00005	-5.31393e-05
89.55	-0.197635	-1.99516	0.00244699
89.6	-0.296899	-1.98528	0.00492891
89.65	-0.39542	-1.97043	0.00736782
89.7	-0.492953	-1.95066	0.00973936
89.75	-0.589254	-1.92601	0.0120198
89.8	-0.684081	-1.89655	0.0141864
89.85	-0.777199	-1.86235	0.0162174
89.9	-0.868373	-1.82349	0.0180927
89.95	-0.957376	-1.78007	0.0197933
90	-1.04399	-1.7322	0.0213024
90.05	-1.12799	-1.68	0.0226049
90.1	-1.20917	-1.6236	0.0236877
90.15	-1.28732	-1.56314	0.02454
90.2	-1.36226	-1.49878	0.0251534
90.25	-1.4338	-1.43066	0.0255216
90.3	-1.50174	-1.35897	0.025641
90.35	-1.56594	-1.28389	0.0255104
90.4	-1.62622	-1.20559	0.0251311
90.45	-1.68243	-1.12428	0.0245069
90.5	-1.73444	-1.04016	0.023644
90.55	-1.78211	-0.953434	0.0225511
90.6	-1.82533	-0.864329	0.0212391
90.65	-1.86398	-0.773062	0.019721
90.7	-1.89797	-0.679863	0.0180122
90.75	-1.92722	-0.584964	0.0161295
90.8	-1.95165	-0.488603	0.014092
90.85	-1.9712	-0.391021	0.0119198
90.9	-1.98583	-0.292461	0.00963477
90.95	-1.99548	-0.193169	0.0072597
91	-2.00015	-0.0933951	0.00481833
91.05	-1.99982	0.00661265	0.00233506
91.1	-1.99449	0.106604	-0.000165302
91.15	-1.98418	0.206329	-0.00265776
91.2	-1.9689	0.305537	-0.0051174
91.25	-1.9487	0.403982	-0.00751966
91.3	-1.92363	0.501417	-0.00984051
91.35	-1.89375	0.597599	-0.0120568
91.4	-1.85914	0.692286	-0.0141463
91.45	-1.81987	0.785243	-0.0160882
91.5	-1.77606	0.876237	-0.017863
91.55	-1.72781	0.96504	-0.0194531
91.6	-1.67524	1.05143	-0.0208426
91.65	-1.61848	1.13519	-0.0220175
91.7	-1.55767	1.21612	-0.0229661
91.75	-1.49297	1.294	-0.0236789
91.8	-1.42454	1.36865	-0.0241488
91.85	-1.35255	1.43988	-0.0243712
91.9	-1.27717	1.5075	-0.0243437
91.95	-1.1986	1.57136	-0.0240668
92	-1.11704	1.63129	-0.023543
92.05	-1.03268	1.68714	-0.0227777
92.1	-0.945743	1.73878	-0.0217785
92.15	-0.85644	1.78607	-0.0205555
92.2	-0.764995	1.82889	-0.0191207
92.25	-0.671638	1.86714	-0.0174886
92.3	-0.576602	1.90072	-0.0156755
92.35	-0.480125	1.92955	-0.0136995
92.4	-0.382447	1.95356	-0.0115803
92.45	-0.283813	1.97268	-0.00933915
92.5	-0.18447	1.98687	-0.0069984
92.55	-0.0846654	1.99609	-0.00458147
92.6	0.0153508	2.00032	-0.0021125
92.65	0.115329	1.99956	0.000383833
92.7	0.215018	1.99379	0.00288258
92.75	0.31417	1.98304	0.00535877
92.8	0.412537	1.96733	0.00778765
92.85	0.509872	1.9467	0.010145
92.9	0.605933	1.92121	0.0124071
92.95	0.700478	1.89091	0.0145516
93	0.793273	1.85589	0.0165568
93.05	0.884084	1.81623	0.0184028
93.1	0.972685	1.77202	0.0200712
93.15	1.05885	1.72339	0.0215453
93.2	1.14238	1.67045	0.0228102
93.25	1.22304	1.61333	0.0238535
93.3	1.30065	1.55217	0.0246646
93.35	1.37501	1.48714	0.0252355
93.4	1.44593	1.41839	0.0255604
93.45	1.51323	1.3461	0.0256362
93.5	1.57676	1.27043	0.025462
93.55	1.63633	1.1916	0.0250395
93.6	1.69182	1.10978	0.0243731
93.65	1.74308	1.02519	0.0234694
93.7	1.78998	0.938034	0.0223373
93.75	1.83241	0.848534	0.0209883
93.8	1.87026	0.756914	0.0194358
93.85	1.90343	0.663401	0.0176953
93.9	1.93184	0.56823	0.0157842
93.95	1.95542	0.471638	0.0137216
94	1.97411	0.373867	0.0115281
94.05	1.98787	0.275161	0.00922569
94.1	1.99666	0.175767	0.00683731
94.15	2.00046	0.0759342	0.00438684
94.2	1.99925	-0.0240887	0.00189879
94.25	1.99305	-0.124051	-0.000601992
94.3	1.98187	-0.223704	-0.00309051
94.35	1.96573	-0.322797	-0.00554188
94.4	1.94467	-0.421083	-0.00793163
94.45	1.91876	-0.518317	-0.0102359
94.5	1.88804	-0.614255	-0.0124315
94.55	1.85261	-0.708657	-0.0144967
94.6	1.81255	-0.801287	-0.0164108
94.65	1.76795	-0.891915	-0.0181546
94.7	1.71893	-0.980312	-0.0197107
94.75	1.66562	-1.06626	-0.0210636
94.8	1.60814	-1.14954	-0.0221998
94.85	1.54665	-1.22995	-0.0231078
94.9	1.48128	-1.30728	-0.0237787
94.95	1.41222	-1.38134	-0.0242056
95	1.33962	-1.45195	-0.0243844
95.05	1.26367	-1.51894	-0.0243133
95.1	1.18457	-1.58212	-0.0239929
95.15	1.1025	-1.64135	-0.0234265
95.2	1.01767	-1.69647	-0.0226198
95.25	0.930306	-1.74736	-0.0215807
95.3	0.840613	-1.79387	-0.0203197
95.35	0.748818	-1.8359	-0.0188494
95.4	0.655151	-1.87334	-0.0171844
95.45	0.559846	-1.9061	-0.0153415
95.5	0.463141	-1.93409	-0.013339
95.55	0.365279	-1.95725	-0.011197
95.6	0.266503	-1.97551	-0.00893677
95.65	0.167061	-1.98884	-0.006581
95.7	0.0672015	-1.99719	-0.00415322
95.75	-0.0328261	-2.00055	-0.00167768
95.8	-0.132772	-1.99891	0.000820878
95.85	-0.232385	-1.99227	0.00331748
95.9	-0.331418	-1.98065	0.00578718
95.95	-0.429622	-1.96408	0.00820529
96	-0.526752	-1.9426	0.0105477
96.05	-0.622565	-1.91626	0.0127909
96.1	-0.716822	-1.88513	0.0149125
96.15	-0.809286	-1.84929	0.0168913
96.2	-0.899728	-1.80883	0.0187076
96.25	-0.98792	-1.76384	0.0203432
96.3	-1.07364	-1.71445	0.0217817
96.35	-1.15668	-1.66076	0.0230088
96.4	-1.23683	-1.60293	0.0240122
96.45	-1.31388	-1.54109	0.0247818
96.5	-1.38765	-1.4754	0.0253101
96.55	-1.45795	-1.40601	0.0255917
96.6	-1.52461	-1.33311	0.0256237
96.65	-1.58745	-1.25688	0.025406
96.7	-1.64633	-1.17751	0.0249405
96.75	-1.70109	-1.0952	0.0242321
96.8	-1.75159	-1.01014	0.0232878
96.85	-1.79772	-0.922562	0.022117
96.9	-1.83936	-0.832675	0.0207314
96.95	-1.87639	-0.740708	0.0191448
97	-1.90874	-0.646888	0.0173732
97.05	-1.93631	-0.551451	0.0154342
97.1	-1.95904	-0.454636	0.0133472
97.15	-1.97687	-0.356684	0.0111331
97.2	-1.98977	-0.25784	0.00881399
97.25	-1.99768	-0.158352	0.00641302
97.3	-2.00061	-0.0584675	0.00395421
97.35	-1.99853	0.0415629	0.00146213
97.4	-1.99145	0.141489	-0.00103831
97.45	-1.9794	0.241062	-0.00352212
97.5	-1.9624	0.340032	-0.00596448
97.55	-1.94049	0.438152	-0.00834099
97.6	-1.91373	0.535177	-0.0106279
97.65	-1.88219	0.630863	-0.0128023
97.7	-1.84594	0.724973	-0.0148426
97.75	-1.80508	0.81727	-0.0167282
97.8	-1.7597	0.907524	-0.0184405
97.85	-1.70993	0.995509	-0.0199621
97.9	-1.65588	1.08101	-0.0212781
97.95	-1.59769	1.1638	-0.0223751
98	-1.5355	1.24368	-0.0232423
98.05	-1.46948	1.32046	-0.023871
98.1	-1.39978	1.39393	-0.0242548
98.15	-1.32659	1.46392	-0.02439
98.2	-1.25007	1.53025	-0.0242752
98.25	-1.17044	1.59275	-0.0239116
98.3	-1.08787	1.65128	-0.0233027
98.35	-1.00259	1.70567	-0.0224547
98.4	-0.914799	1.7558	-0.0213761
98.45	-0.824722	1.80154	-0.0200775
98.5	-0.732583	1.84278	-0.0185721
98.55	-0.638613	1.8794	-0.0168748
98.6	-0.543046	1.91134	-0.0150027
98.65	-0.446122	1.93849	-0.0129743
98.7	-0.348082	1.96079	-0.01081
98.75	-0.249172	1.9782	-0.00853147
98.8	-0.149639	1.99066	-0.0061614
98.85	-0.0497324	1.99814	-0.00372351
98.9	0.0502988	2.00063	-0.00124215
98.95	0.150204	1.99811	0.00125786
99	0.249734	1.9906	0.00375156
99.05	0.34864	1.97811	0.00621402
99.1	0.446674	1.96068	0.00862062
99.15	0.543591	1.93835	0.0109473
99.2	0.63915	1.91117	0.0131709
99.25	0.73311	1.87921	0.015269
99.3	0.825238	1.84256	0.0172209
99.35	0.915303	1.80129	0.0190068
99.4	1.00308	1.75553	0.0206091
99.45	1.08835	1.70537	0.0220117
99.5	1.1709	1.65096	0.0232005
99.55	1.25052	1.59241	0.0241637
99.6	1.32701	1.52989	0.0248917
99.65	1.40019	1.46354	0.0253772
99.7	1.46986	1.39353	0.0256153
99.75	1.53587	1.32003	0.0256037
99.8	1.59803	1.24324	0.0253424
99.85	1.65619	1.16334	0.0248341
99.9	1.71022	1.08053	0.0240839
99.95	1.75997	0.995018	0.0230993
100	1.80532	0.907019	0.02189
