0	2	-0.1	0
0.05	1.995	-0.2	0.0025
0.1	1.985	-0.29975	0.00500625
0.15	1.97001	-0.399	0.00751877
0.2	1.95006	-0.497501	0.0100376
0.25	1.92519	-0.595004	0.0125627
0.3	1.89544	-0.691263	0.0150941
0.35	1.86087	-0.786035	0.0176318
0.4	1.82157	-0.879079	0.0201759
0.45	1.77762	-0.970157	0.0227263
0.5	1.72911	-1.05904	0.0252831
0.55	1.67616	-1.14549	0.0278463
0.6	1.61888	-1.2293	0.030416
0.65	1.55742	-1.31025	0.032992
0.7	1.49191	-1.38812	0.0355745
0.75	1.4225	-1.46271	0.0381634
0.8	1.34937	-1.53384	0.0407588
0.85	1.27267	-1.60131	0.0433607
0.9	1.19261	-1.66494	0.0459691
0.95	1.10936	-1.72457	0.048584
1	1.02313	-1.78004	0.0512055
1.05	0.934131	-1.83119	0.0538335
1.1	0.842571	-1.8779	0.0564681
1.15	0.748676	-1.92003	0.0591093
1.2	0.652674	-1.95746	0.061757
1.25	0.554801	-1.9901	0.0644114
1.3	0.455296	-2.01784	0.0670725
1.35	0.354405	-2.0406	0.0697401
1.4	0.252375	-2.05832	0.0724145
1.45	0.149458	-2.07094	0.0750955
1.5	0.0459114	-2.07841	0.0777833
1.55	-0.0580092	-2.08071	0.0804777
1.6	-0.162045	-2.07781	0.0831789
1.65	-0.265935	-2.06971	0.0858869
1.7	-0.36942	-2.05641	0.0886016
1.75	-0.472241	-2.03794	0.0913231
1.8	-0.574138	-2.01433	0.0940514
1.85	-0.674854	-1.98562	0.0967865
1.9	-0.774135	-1.95188	0.0995285
1.95	-0.871729	-1.91317	0.102277
2	-0.967388	-1.86958	0.105033
2.05	-1.06087	-1.82121	0.107796
2.1	-1.15193	-1.76817	0.110565
2.15	-1.24034	-1.71057	0.113341
2.2	-1.32586	-1.64856	0.116125
2.25	-1.40829	-1.58226	0.118915
2.3	-1.48741	-1.51185	0.121712
2.35	-1.563	-1.43748	0.124517
2.4	-1.63487	-1.35933	0.127328
2.45	-1.70284	-1.27759	0.130146
2.5	-1.76672	-1.19244	0.132972
2.55	-1.82634	-1.10411	0.135804
2.6	-1.88155	-1.01279	0.138644
2.65	-1.93219	-0.918714	0.14149
2.7	-1.97812	-0.822105	0.144344
2.75	-2.01923	-0.723199	0.147205
2.8	-2.05539	-0.622237	0.150073
2.85	-2.0865	-0.519468	0.152948
2.9	-2.11247	-0.415143	0.15583
2.95	-2.13323	-0.30952	0.15872
3	-2.1487	-0.202858	0.161617
3.05	-2.15885	-0.0954229	0.164521
3.1	-2.16362	0.0125194	0.167432
3.15	-2.16299	0.1207	0.170351
3.2	-2.15696	0.22885	0.173277
3.25	-2.14552	0.336698	0.17621
3.3	-2.12868	0.443974	0.17915
3.35	-2.10648	0.550408	0.182098
3.4	-2.07896	0.655732	0.185053
3.45	-2.04617	0.75968	0.188016
3.5	-2.00819	0.861989	0.190986
3.55	-1.96509	0.962398	0.193964
3.6	-1.91697	1.06065	0.196948
3.65	-1.86394	1.1565	0.199941
3.7	-1.80611	1.2497	0.202941
3.75	-1.74363	1.34	0.205948
3.8	-1.67663	1.42719	0.208963
3.85	-1.60527	1.51102	0.211985
3.9	-1.52972	1.59128	0.215015
3.95	-1.45015	1.66777	0.218053
4	-1.36677	1.74027	0.221098
4.05	-1.27975	1.80861	0.224151
4.1	-1.18932	1.8726	0.227211
4.15	-1.09569	1.93207	0.230279
4.2	-0.999089	1.98685	0.233355
4.25	-0.899746	2.0368	0.236438
4.3	-0.797906	2.08179	0.239529
4.35	-0.693816	2.12169	0.242628
4.4	-0.587732	2.15638	0.245735
4.45	-0.479913	2.18576	0.248849
4.5	-0.370625	2.20976	0.251971
4.55	-0.260137	2.22829	0.255101
4.6	-0.148722	2.2413	0.258239
4.65	-0.0366571	2.24873	0.261384
4.7	0.0757796	2.25057	0.264538
4.75	0.188308	2.24678	0.267699
4.8	0.300647	2.23736	0.270868
4.85	0.412515	2.22233	0.274046
4.9	0.523632	2.20171	0.277231
4.95	0.633717	2.17552	0.280424
5	0.742493	2.14384	0.283625
5.05	0.849685	2.10671	0.286834
5.1	0.955021	2.06423	0.290051
5.15	1.05823	2.01648	0.293276
5.2	1.15906	1.96357	0.296509
5.25	1.25723	1.90561	0.299751
5.3	1.35251	1.84275	0.303
5.35	1.44465	1.77513	0.306258
5.4	1.53341	1.70289	0.309523
5.45	1.61855	1.62622	0.312797
5.5	1.69986	1.5453	0.316079
5.55	1.77713	1.4603	0.319369
5.6	1.85014	1.37145	0.322668
5.65	1.91872	1.27894	0.325974
5.7	1.98266	1.183	0.329289
5.75	2.04181	1.08387	0.332612
5.8	2.09601	0.981779	0.335944
5.85	2.1451	0.876978	0.339284
5.9	2.18895	0.769723	0.342632
5.95	2.22743	0.660276	0.345989
6	2.26044	0.548905	0.349354
6.05	2.28789	0.435882	0.352727
6.1	2.30968	0.321488	0.356109
6.15	2.32576	0.206004	0.359499
6.2	2.33606	0.0897157	0.362898
6.25	2.34054	-0.0270873	0.366305
6.3	2.33919	-0.144115	0.369721
6.35	2.33198	-0.261074	0.373145
6.4	2.31893	-0.377673	0.376578
6.45	2.30005	-0.49362	0.380019
6.5	2.27537	-0.608622	0.383469
6.55	2.24494	-0.72239	0.386928
6.6	2.20882	-0.834637	0.390395
6.65	2.16708	-0.945078	0.393871
6.7	2.11983	-1.05343	0.397356
6.75	2.06716	-1.15942	0.400849
6.8	2.00919	-1.26278	0.404352
6.85	1.94605	-1.36324	0.407862
6.9	1.87789	-1.46054	0.411382
6.95	1.80486	-1.55444	0.414911
7	1.72714	-1.64468	0.418448
7.05	1.6449	-1.73104	0.421994
7.1	1.55835	-1.81328	0.425549
7.15	1.46769	-1.8912	0.429113
7.2	1.37313	-1.96458	0.432686
7.25	1.2749	-2.03324	0.436267
7.3	1.17324	-2.09699	0.439858
7.35	1.06839	-2.15565	0.443458
7.4	0.960604	-2.20907	0.447066
7.45	0.850151	-2.2571	0.450684
7.5	0.737296	-2.2996	0.454311
7.55	0.622315	-2.33647	0.457946
7.6	0.505492	-2.36759	0.461591
7.65	0.387113	-2.39286	0.465245
7.7	0.26747	-2.41222	0.468908
7.75	0.146859	-2.42559	0.472581
7.8	0.0255796	-2.43293	0.476262
7.85	-0.096067	-2.43421	0.479953
7.9	-0.217778	-2.42941	0.483653
7.95	-0.339248	-2.41852	0.487362
8	-0.460174	-2.40156	0.49108
8.05	-0.580252	-2.37855	0.494808
8.1	-0.699179	-2.34953	0.498545
8.15	-0.816656	-2.31458	0.502291
8.2	-0.932385	-2.27374	0.506047
8.25	-1.04607	-2.22712	0.509812
8.3	-1.15743	-2.17482	0.513587
8.35	-1.26617	-2.11695	0.517371
8.4	-1.37202	-2.05364	0.521164
8.45	-1.4747	-1.98504	0.524967
8.5	-1.57395	-1.9113	0.528779
8.55	-1.66952	-1.83261	0.532601
8.6	-1.76115	-1.74913	0.536433
8.65	-1.8486	-1.66107	0.540274
8.7	-1.93166	-1.56864	0.544125
8.75	-2.01009	-1.47206	0.547985
8.8	-2.08369	-1.37156	0.551855
8.85	-2.15227	-1.26737	0.555735
8.9	-2.21564	-1.15976	0.559624
8.95	-2.27363	-1.04898	0.563523
9	-2.32607	-0.935296	0.567432
9.05	-2.37284	-0.818992	0.57135
9.1	-2.41379	-0.70035	0.575279
9.15	-2.44881	-0.57966	0.579217
9.2	-2.47779	-0.45722	0.583165
9.25	-2.50065	-0.333331	0.587123
9.3	-2.51732	-0.208298	0.591091
9.35	-2.52773	-0.0824322	0.595068
9.4	-2.53185	0.0439544	0.599056
9.45	-2.52966	0.170547	0.603054
9.5	-2.52113	0.29703	0.607061
9.55	-2.50628	0.423086	0.611079
9.6	-2.48512	0.5484	0.615107
9.65	-2.4577	0.672656	0.619144
9.7	-2.42407	0.795541	0.623192
9.75	-2.38429	0.916745	0.62725
9.8	-2.33846	1.03596	0.631318
9.85	-2.28666	1.15288	0.635397
9.9	-2.22901	1.26722	0.639485
9.95	-2.16565	1.37867	0.643584
10	-2.09672	1.48695	0.647693
10.05	-2.02237	1.59178	0.651812
10.1	-1.94278	1.6929	0.655942
10.15	-1.85814	1.79004	0.660081
10.2	-1.76864	1.88295	0.664232
10.25	-1.67449	1.97138	0.668392
10.3	-1.57592	2.05511	0.672563
10.35	-1.47316	2.1339	0.676745
10.4	-1.36647	2.20756	0.680937
10.45	-1.25609	2.27588	0.685139
10.5	-1.1423	2.33869	0.689352
10.55	-1.02536	2.3958	0.693575
10.6	-0.905572	2.44707	0.697809
10.65	-0.783219	2.49235	0.702054
10.7	-0.658601	2.53151	0.706309
10.75	-0.532026	2.56444	0.710574
10.8	-0.403804	2.59104	0.714851
10.85	-0.274252	2.61123	0.719138
10.9	-0.14369	2.62494	0.723436
10.95	-0.0124428	2.63213	0.727744
11	0.119164	2.63275	0.732064
11.05	0.250801	2.62679	0.736394
11.1	0.382141	2.61425	0.740735
11.15	0.512853	2.59515	0.745087
11.2	0.642611	2.5695	0.749449
11.25	0.771086	2.53737	0.753823
11.3	0.897954	2.49882	0.758208
11.35	1.0229	2.45392	0.762603
11.4	1.14559	2.40278	0.76701
11.45	1.26573	2.3455	0.771427
11.5	1.383	2.28221	0.775856
11.55	1.49712	2.21306	0.780295
11.6	1.60777	2.1382	0.784746
11.65	1.71468	2.05781	0.789208
11.7	1.81757	1.97208	0.793681
11.75	1.91617	1.8812	0.798165
11.8	2.01023	1.78539	0.802661
11.85	2.0995	1.68488	0.807167
11.9	2.18375	1.57991	0.811685
11.95	2.26274	1.47072	0.816214
12	2.33628	1.35758	0.820755
12.05	2.40416	1.24077	0.825307
12.1	2.4662	1.12056	0.82987
12.15	2.52222	0.997251	0.834445
12.2	2.57209	0.87114	0.839031
12.25	2.61564	0.742535	0.843629
12.3	2.65277	0.611753	0.848238
12.35	2.68336	0.479115	0.852858
12.4	2.70731	0.344947	0.85749
12.45	2.72456	0.209581	0.862134
12.5	2.73504	0.073353	0.866789
12.55	2.73871	-0.063399	0.871456
12.6	2.73554	-0.200334	0.876135
12.65	2.72552	-0.337111	0.880825
12.7	2.70867	-0.473387	0.885527
12.75	2.685	-0.608821	0.890241
12.8	2.65456	-0.74307	0.894967
12.85	2.6174	-0.875798	0.899704
12.9	2.57361	-1.00667	0.904454
12.95	2.52328	-1.13535	0.909215
13	2.46651	-1.26151	0.913988
13.05	2.40344	-1.38484	0.918773
13.1	2.33419	-1.50501	0.92357
13.15	2.25894	-1.62172	0.928378
13.2	2.17786	-1.73467	0.933199
13.25	2.09112	-1.84356	0.938032
13.3	1.99895	-1.94812	0.942878
13.35	1.90154	-2.04806	0.947735
13.4	1.79914	-2.14314	0.952604
13.45	1.69198	-2.2331	0.957486
13.5	1.58032	-2.3177	0.962379
13.55	1.46444	-2.39671	0.967285
13.6	1.3446	-2.46993	0.972203
13.65	1.22111	-2.53716	0.977134
13.7	1.09425	-2.59822	0.982077
13.75	0.964338	-2.65293	0.987032
13.8	0.831692	-2.70115	0.992
13.85	0.696634	-2.74273	0.99698
13.9	0.559498	-2.77757	1.00197
13.95	0.420619	-2.80554	1.00698
14	0.280342	-2.82657	1.01199
14.05	0.139014	-2.84059	1.01702
14.1	-0.00301568	-2.84754	1.02207
14.15	-0.145393	-2.84739	1.02712
14.2	-0.287762	-2.84012	1.03219
14.25	-0.429768	-2.82573	1.03727
14.3	-0.571055	-2.80424	1.04236
14.35	-0.711267	-2.77569	1.04747
14.4	-0.850051	-2.74013	1.05259
14.45	-0.987057	-2.69762	1.05772
14.5	-1.12194	-2.64827	1.06286
14.55	-1.25435	-2.59217	1.06802
14.6	-1.38396	-2.52946	1.07319
14.65	-1.51043	-2.46026	1.07837
14.7	-1.63345	-2.38474	1.08357
14.75	-1.75268	-2.30306	1.08878
14.8	-1.86784	-2.21543	1.094
14.85	-1.97861	-2.12204	1.09924
14.9	-2.08471	-2.02311	1.10448
14.95	-2.18587	-1.91887	1.10975
15	-2.28181	-1.80958	1.11502
15.05	-2.37229	-1.69549	1.12031
15.1	-2.45706	-1.57687	1.12561
15.15	-2.53591	-1.45402	1.13092
15.2	-2.60861	-1.32723	1.13625
15.25	-2.67497	-1.1968	1.14159
15.3	-2.73481	-1.06305	1.14694
15.35	-2.78796	-0.926307	1.15231
15.4	-2.83428	-0.786909	1.15769
15.45	-2.87362	-0.645195	1.16309
15.5	-2.90588	-0.501514	1.16849
15.55	-2.93096	-0.35622	1.17392
15.6	-2.94877	-0.209672	1.17935
15.65	-2.95925	-0.0622334	1.1848
15.7	-2.96236	0.0857292	1.19026
15.75	-2.95808	0.233847	1.19574
15.8	-2.94638	0.381751	1.20123
15.85	-2.9273	0.52907	1.20673
15.9	-2.90084	0.675435	1.21225
15.95	-2.86707	0.820477	1.21778
16	-2.82605	0.963831	1.22332
16.05	-2.77786	1.10513	1.22888
16.1	-2.7226	1.24403	1.23445
16.15	-2.6604	1.38016	1.24004
16.2	-2.59139	1.51318	1.24564
16.25	-2.51573	1.64275	1.25125
16.3	-2.43359	1.76853	1.25688
16.35	-2.34517	1.89021	1.26252
16.4	-2.25066	2.00747	1.26818
16.45	-2.15028	2.12	1.27385
16.5	-2.04428	2.22752	1.27953
16.55	-1.93291	2.32973	1.28523
16.6	-1.81642	2.42638	1.29094
16.65	-1.6951	2.5172	1.29667
16.7	-1.56924	2.60195	1.30241
16.75	-1.43914	2.68041	1.30817
16.8	-1.30512	2.75237	1.31394
16.85	-1.16751	2.81763	1.31972
16.9	-1.02662	2.876	1.32552
16.95	-0.882824	2.92733	1.33134
17	-0.736457	2.97148	1.33717
17.05	-0.587883	3.0083	1.34301
17.1	-0.437468	3.03769	1.34887
17.15	-0.285583	3.05957	1.35474
17.2	-0.132605	3.07385	1.36063
17.25	0.0210872	3.08048	1.36653
17.3	0.175111	3.07942	1.37244
17.35	0.329082	3.07067	1.37837
17.4	0.482615	3.05421	1.38432
17.45	0.635326	3.03008	1.39028
17.5	0.78683	2.99831	1.39626
17.55	0.936746	2.95897	1.40225
17.6	1.08469	2.91214	1.40825
17.65	1.2303	2.8579	1.41427
17.7	1.3732	2.79639	1.42031
17.75	1.51302	2.72773	1.42636
17.8	1.6494	2.65208	1.43243
17.85	1.78201	2.56961	1.43851
17.9	1.91049	2.48051	1.4446
17.95	2.03451	2.38498	1.45072
18	2.15376	2.28326	1.45684
18.05	2.26792	2.17557	1.46298
18.1	2.3767	2.06217	1.46914
18.15	2.47981	1.94334	1.47531
18.2	2.57698	1.81935	1.4815
18.25	2.66794	1.6905	1.48771
18.3	2.75247	1.5571	1.49393
18.35	2.83032	1.41948	1.50016
18.4	2.9013	1.27796	1.50641
18.45	2.9652	1.1329	1.51268
18.5	3.02184	0.984635	1.51896
18.55	3.07107	0.833543	1.52526
18.6	3.11275	0.67999	1.53157
18.65	3.14675	0.524352	1.5379
18.7	3.17297	0.367015	1.54424
18.75	3.19132	0.208366	1.5506
18.8	3.20174	0.0488006	1.55698
18.85	3.20418	-0.111286	1.56337
18.9	3.19861	-0.271495	1.56978
18.95	3.18504	-0.431426	1.57621
19	3.16347	-0.590677	1.58265
19.05	3.13393	-0.748851	1.5891
19.1	3.09649	-0.905547	1.59558
19.15	3.05121	-1.06037	1.60206
19.2	2.99819	-1.21293	1.60857
19.25	2.93755	-1.36284	1.61509
19.3	2.8694	-1.50972	1.62163
19.35	2.79392	-1.65319	1.62818
19.4	2.71126	-1.79289	1.63475
19.45	2.62161	-1.92845	1.64134
19.5	2.52519	-2.05953	1.64794
19.55	2.42222	-2.18579	1.65456
19.6	2.31293	-2.3069	1.6612
19.65	2.19758	-2.42255	1.66785
19.7	2.07645	-2.53242	1.67452
19.75	1.94983	-2.63625	1.68121
19.8	1.81802	-2.73374	1.68791
19.85	1.68133	-2.82464	1.69463
19.9	1.5401	-2.90871	1.70137
19.95	1.39467	-2.98571	1.70812
20	1.24538	-3.05544	1.71489
20.05	1.09261	-3.11771	1.72168
20.1	0.936722	-3.17234	1.72848
20.15	0.778105	-3.21918	1.7353
20.2	0.617146	-3.25809	1.74214
20.25	0.454242	-3.28894	1.749
20.3	0.289795	-3.31166	1.75587
20.35	0.124212	-3.32614	1.76276
20.4	-0.0420952	-3.33236	1.76967
20.45	-0.208713	-3.33025	1.77659
20.5	-0.375226	-3.31982	1.78353
20.55	-0.541216	-3.30105	1.79049
20.6	-0.706269	-3.27399	1.79747
20.65	-0.869969	-3.23868	1.80446
20.7	-1.0319	-3.19518	1.81147
20.75	-1.19166	-3.14359	1.8185
20.8	-1.34884	-3.084	1.82555
20.85	-1.50304	-3.01656	1.83261
20.9	-1.65387	-2.94141	1.83969
20.95	-1.80094	-2.85872	1.84679
21	-1.94388	-2.76867	1.85391
21.05	-2.08231	-2.67147	1.86104
21.1	-2.21588	-2.56736	1.8682
21.15	-2.34425	-2.45657	1.87537
21.2	-2.46708	-2.33935	1.88256
21.25	-2.58405	-2.216	1.88976
21.3	-2.69485	-2.0868	1.89699
21.35	-2.79919	-1.95205	1.90423
21.4	-2.89679	-1.81209	1.91149
21.45	-2.98739	-1.66726	1.91877
21.5	-3.07076	-1.51789	1.92606
21.55	-3.14665	-1.36435	1.93338
21.6	-3.21487	-1.20702	1.94071
21.65	-3.27522	-1.04627	1.94807
21.7	-3.32753	-0.882511	1.95544
21.75	-3.37166	-0.716134	1.96282
21.8	-3.40746	-0.547551	1.97023
21.85	-3.43484	-0.377178	1.97766
21.9	-3.4537	-0.205436	1.9851
21.95	-3.46397	-0.032751	1.99256
22	-3.46561	0.140448	2.00004
22.05	-3.45859	0.313728	2.00755
22.1	-3.4429	0.486658	2.01506
22.15	-3.41857	0.658803	2.0226
22.2	-3.38563	0.829731	2.03016
22.25	-3.34414	0.999013	2.03773
22.3	-3.29419	1.16622	2.04533
22.35	-3.23588	1.33093	2.05294
22.4	-3.16933	1.49272	2.06057
22.45	-3.0947	1.65119	2.06822
22.5	-3.01214	1.80592	2.0759
22.55	-2.92184	1.95653	2.08359
22.6	-2.82402	2.10262	2.09129
22.65	-2.71888	2.24382	2.09902
22.7	-2.60669	2.37977	2.10677
22.75	-2.4877	2.5101	2.11454
22.8	-2.3622	2.63449	2.12232
22.85	-2.23047	2.7526	2.13013
22.9	-2.09285	2.86412	2.13795
22.95	-1.94964	2.96876	2.1458
23	-1.8012	3.06625	2.15366
23.05	-1.64789	3.15631	2.16155
23.1	-1.49007	3.2387	2.16945
23.15	-1.32814	3.3132	2.17738
23.2	-1.16248	3.37961	2.18532
23.25	-0.993497	3.43774	2.19328
23.3	-0.82161	3.48741	2.20127
23.35	-0.64724	3.52849	2.20927
23.4	-0.470815	3.56085	2.21729
23.45	-0.292773	3.58439	2.22533
23.5	-0.113553	3.59903	2.2334
23.55	0.0663986	3.60471	2.24148
23.6	0.246634	3.60139	2.24959
23.65	0.426704	3.58906	2.25771
23.7	0.606157	3.56772	2.26585
23.75	0.784543	3.53742	2.27402
23.8	0.961413	3.49819	2.2822
23.85	1.13632	3.45012	2.29041
23.9	1.30883	3.3933	2.29863
23.95	1.47849	3.32786	2.30688
24	1.64489	3.25394	2.31515
24.05	1.80758	3.17169	2.32344
24.1	1.96617	3.08131	2.33175
24.15	2.12023	2.983	2.34007
24.2	2.26938	2.87699	2.34842
24.25	2.41323	2.76352	2.3568
24.3	2.55141	2.64286	2.36519
24.35	2.68355	2.51529	2.3736
24.4	2.80932	2.38111	2.38203
24.45	2.92837	2.24065	2.39049
24.5	3.04041	2.09423	2.39897
24.55	3.14512	1.94221	2.40746
24.6	3.24223	1.78495	2.41598
24.65	3.33147	1.62284	2.42452
24.7	3.41262	1.45627	2.43308
24.75	3.48543	1.28564	2.44167
24.8	3.54971	1.11136	2.45027
24.85	3.60528	0.933879	2.4589
24.9	3.65197	0.753615	2.46754
24.95	3.68965	0.571016	2.47621
25	3.71821	0.386534	2.4849
25.05	3.73753	0.200623	2.49361
25.1	3.74756	0.0137468	2.50235
25.15	3.74825	-0.173631	2.5111
25.2	3.73957	-0.361044	2.51988
25.25	3.72152	-0.548022	2.52868
25.3	3.69412	-0.734098	2.5375
25.35	3.65741	-0.918804	2.54635
25.4	3.61147	-1.10167	2.55521
25.45	3.55639	-1.28225	2.5641
25.5	3.49227	-1.46007	2.57301
25.55	3.41927	-1.63468	2.58194
25.6	3.33754	-1.80564	2.5909
25.65	3.24725	-1.97252	2.59988
25.7	3.14863	-2.13488	2.60888
25.75	3.04188	-2.29232	2.6179
25.8	2.92727	-2.44441	2.62694
25.85	2.80505	-2.59077	2.63601
25.9	2.67551	-2.73103	2.6451
25.95	2.53896	-2.8648	2.65421
26	2.39572	-2.99175	2.66335
26.05	2.24613	-3.11154	2.67251
26.1	2.09055	-3.22384	2.68169
26.15	1.92936	-3.32837	2.69089
26.2	1.76294	-3.42484	2.70012
26.25	1.5917	-3.51298	2.70937
26.3	1.41605	-3.59257	2.71864
26.35	1.23642	-3.66337	2.72794
26.4	1.05326	-3.72519	2.73726
26.45	0.866996	-3.77786	2.7466
26.5	0.678103	-3.82121	2.75597
26.55	0.487042	-3.85511	2.76536
26.6	0.294287	-3.87946	2.77477
26.65	0.100314	-3.89418	2.78421
26.7	-0.0943951	-3.89919	2.79367
26.75	-0.289355	-3.89447	2.80315
26.8	-0.484078	-3.88001	2.81266
26.85	-0.678079	-3.8558	2.82219
26.9	-0.870869	-3.8219	2.83175
26.95	-1.06196	-3.77835	2.84133
27	-1.25088	-3.72526	2.85093
27.05	-1.43714	-3.66271	2.86056
27.1	-1.62028	-3.59086	2.87021
27.15	-1.79982	-3.50984	2.87989
27.2	-1.97531	-3.41985	2.88959
27.25	-2.14631	-3.32108	2.89931
27.3	-2.31236	-3.21377	2.90906
27.35	-2.47305	-3.09815	2.91883
27.4	-2.62796	-2.9745	2.92863
27.45	-2.77668	-2.8431	2.93845
27.5	-2.91884	-2.70427	2.9483
27.55	-3.05405	-2.55832	2.95817
27.6	-3.18197	-2.40562	2.96806
27.65	-3.30225	-2.24652	2.97798
27.7	-3.41457	-2.08141	2.98793
27.75	-3.51864	-1.91068	2.9979
27.8	-3.61418	-1.73475	3.00789
27.85	-3.70092	-1.55404	3.01791
27.9	-3.77862	-1.369	3.02796
27.95	-3.84707	-1.18006	3.03803
28	-3.90607	-0.987711	3.04812
28.05	-3.95546	-0.792408	3.05824
28.1	-3.99508	-0.594635	3.06839
28.15	-4.02481	-0.394881	3.07856
28.2	-4.04455	-0.19364	3.08875
28.25	-4.05424	0.00858727	3.09898
28.3	-4.05381	0.211299	3.10922
28.35	-4.04324	0.413989	3.1195
28.4	-4.02254	0.616151	3.1298
28.45	-3.99173	0.817278	3.14012
28.5	-3.95087	1.01687	3.15047
28.55	-3.90003	1.21441	3.16085
28.6	-3.83931	1.40941	3.17125
28.65	-3.76884	1.60138	3.18168
28.7	-3.68877	1.78982	3.19213
28.75	-3.59928	1.97426	3.20261
28.8	-3.50056	2.15422	3.21312
28.85	-3.39285	2.32925	3.22365
28.9	-3.27639	2.49889	3.23421
28.95	-3.15145	2.66271	3.2448
29	-3.01831	2.82028	3.25541
29.05	-2.8773	2.9712	3.26605
29.1	-2.72874	3.11506	3.27671
29.15	-2.57298	3.2515	3.2874
29.2	-2.41041	3.38015	3.29812
29.25	-2.2414	3.50067	3.30887
29.3	-2.06637	3.61274	3.31964
29.35	-1.88573	3.71606	3.33044
29.4	-1.69993	3.81034	3.34126
29.45	-1.50941	3.89534	3.35212
29.5	-1.31464	3.97081	3.363
29.55	-1.1161	4.03654	3.3739
29.6	-0.914276	4.09235	3.38484
29.65	-0.709658	4.13806	3.3958
29.7	-0.502755	4.17354	3.40679
29.75	-0.294078	4.19868	3.41781
29.8	-0.0841439	4.21339	3.42885
29.85	0.126525	4.21759	3.43992
29.9	0.337405	4.21127	3.45102
29.95	0.547968	4.1944	3.46215
30	0.757688	4.167	3.47331
30.05	0.966038	4.12911	3.48449
30.1	1.17249	4.08081	3.4957
30.15	1.37653	4.02219	3.50694
30.2	1.57764	3.95336	3.51821
30.25	1.77531	3.87448	3.5295
30.3	1.96904	3.78571	3.54083
30.35	2.15832	3.68726	3.55218
30.4	2.34268	3.57934	3.56356
30.45	2.52165	3.46221	3.57497
30.5	2.69476	3.33613	3.58641
30.55	2.86157	3.20139	3.59787
30.6	3.02164	3.05831	3.60937
30.65	3.17455	2.90723	3.62089
30.7	3.31991	2.7485	3.63244
30.75	3.45734	2.58251	3.64402
30.8	3.58647	2.40964	3.65563
30.85	3.70695	2.23032	3.66727
30.9	3.81846	2.04497	3.67894
30.95	3.92071	1.85405	3.69064
31	4.01341	1.65801	3.70237
31.05	4.09631	1.45734	3.71412
31.1	4.16918	1.25252	3.72591
31.15	4.23181	1.04406	3.73772
31.2	4.28401	0.832474	3.74957
31.25	4.32563	0.618273	3.76144
31.3	4.35655	0.401992	3.77334
31.35	4.37665	0.184164	3.78528
31.4	4.38586	-0.0346682	3.79724
31.45	4.38412	-0.253961	3.80923
31.5	4.37142	-0.473167	3.82126
31.55	4.34777	-0.691738	3.83331
31.6	4.31318	-0.909127	3.84539
31.65	4.26772	-1.12479	3.85751
31.7	4.21148	-1.33817	3.86965
31.75	4.14457	-1.54875	3.88182
31.8	4.06714	-1.75597	3.89403
31.85	3.97934	-1.95933	3.90626
31.9	3.88137	-2.1583	3.91853
31.95	3.77346	-2.35237	3.93083
32	3.65584	-2.54104	3.94315
32.05	3.52879	-2.72383	3.95551
32.1	3.3926	-2.90027	3.9679
32.15	3.24758	-3.0699	3.98032
32.2	3.09409	-3.23228	3.99277
32.25	2.93247	-3.38698	4.00525
32.3	2.76312	-3.53361	4.01776
32.35	2.58644	-3.67176	4.03031
32.4	2.40285	-3.80109	4.04289
32.45	2.2128	-3.92123	4.05549
32.5	2.01674	-4.03187	4.06813
32.55	1.81515	-4.13271	4.0808
32.6	1.60851	-4.22346	4.0935
32.65	1.39734	-4.30389	4.10624
32.7	1.18214	-4.37376	4.119
32.75	0.963455	-4.43286	4.1318
32.8	0.741812	-4.48104	4.14463
32.85	0.51776	-4.51813	4.15749
32.9	0.291854	-4.54401	4.17039
32.95	0.0646531	-4.55861	4.18331
33	-0.163277	-4.56184	4.19627
33.05	-0.391369	-4.55368	4.20926
33.1	-0.619053	-4.53411	4.22228
33.15	-0.845758	-4.50315	4.23534
33.2	-1.07092	-4.46087	4.24843
33.25	-1.29396	-4.40732	4.26155
33.3	-1.51433	-4.34262	4.2747
33.35	-1.73146	-4.26691	4.28789
33.4	-1.9448	-4.18033	4.30111
33.45	-2.15382	-4.08309	4.31436
33.5	-2.35797	-3.9754	4.32765
33.55	-2.55674	-3.8575	4.34097
33.6	-2.74962	-3.72967	4.35432
33.65	-2.9361	-3.59219	4.3677
33.7	-3.11571	-3.44538	4.38112
33.75	-3.28798	-3.2896	4.39458
33.8	-3.45246	-3.1252	4.40806
33.85	-3.60872	-2.95257	4.42158
33.9	-3.75635	-2.77214	4.43514
33.95	-3.89496	-2.58432	4.44873
34	-4.02417	-2.38957	4.46235
34.05	-4.14365	-2.18836	4.476
34.1	-4.25307	-1.98118	4.48969
34.15	-4.35213	-1.76853	4.50342
34.2	-4.44055	-1.55092	4.51718
34.25	-4.5181	-1.32889	4.53097
34.3	-4.58454	-1.10299	4.5448
34.35	-4.63969	-0.873761	4.55866
34.4	-4.68338	-0.641777	4.57255
34.45	-4.71547	-0.407608	4.58649
34.5	-4.73585	-0.171834	4.60045
34.55	-4.74444	0.0649586	4.61445
34.6	-4.74119	0.302181	4.62849
34.65	-4.72609	0.53924	4.64256
34.7	-4.69912	0.775545	4.65667
34.75	-4.66035	1.0105	4.67081
34.8	-4.60982	1.24352	4.68499
34.85	-4.54765	1.47401	4.6992
34.9	-4.47395	1.70139	4.71345
34.95	-4.38888	1.92509	4.72773
35	-4.29262	2.14453	4.74205
35.05	-4.18539	2.35916	4.7564
35.1	-4.06744	2.56843	4.7708
35.15	-3.93901	2.77181	4.78522
35.2	-3.80042	2.96876	4.79969
35.25	-3.65199	3.15878	4.81418
35.3	-3.49405	3.34138	4.82872
35.35	-3.32698	3.51608	4.84329
35.4	-3.15117	3.68243	4.8579
35.45	-2.96705	3.83999	4.87254
35.5	-2.77505	3.98834	4.88723
35.55	-2.57564	4.12709	4.90194
35.6	-2.36928	4.25587	4.9167
35.65	-2.15649	4.37434	4.93149
35.7	-1.93777	4.48216	4.94632
35.75	-1.71366	4.57905	4.96119
35.8	-1.48471	4.66473	4.97609
35.85	-1.25147	4.73897	4.99103
35.9	-1.01453	4.80154	5.00601
35.95	-0.774449	4.85227	5.02102
36	-0.531836	4.89099	5.03607
36.05	-0.287286	4.91758	5.05116
36.1	-0.0414067	4.93195	5.06629
36.15	0.205191	4.93402	5.08146
36.2	0.451892	4.92376	5.09666
36.25	0.69808	4.90116	5.1119
36.3	0.943138	4.86626	5.12718
36.35	1.18645	4.8191	5.1425
36.4	1.42741	4.75978	5.15786
36.45	1.6654	4.68841	5.17325
36.5	1.89982	4.60514	5.18868
36.55	2.13007	4.51015	5.20416
36.6	2.35558	4.40365	5.21967
36.65	2.57576	4.28587	5.23522
36.7	2.79006	4.15708	5.2508
36.75	2.99791	4.01758	5.26643
36.8	3.19879	3.86768	5.2821
36.85	3.39217	3.70774	5.2978
36.9	3.57756	3.53813	5.31355
36.95	3.75447	3.35926	5.32933
37	3.92243	3.17153	5.34515
37.05	4.08101	2.97541	5.36102
37.1	4.22978	2.77136	5.37692
37.15	4.36834	2.55987	5.39286
37.2	4.49634	2.34145	5.40884
37.25	4.61341	2.11664	5.42487
37.3	4.71924	1.88597	5.44093
37.35	4.81354	1.65	5.45703
37.4	4.89604	1.40933	5.47317
37.45	4.96651	1.16453	5.48936
37.5	5.02473	0.9162	5.50558
37.55	5.07054	0.664963	5.52184
37.6	5.10379	0.411436	5.53815
37.65	5.12436	0.156247	5.55449
37.7	5.13218	-0.0999717	5.57088
37.75	5.12718	-0.35658	5.58731
37.8	5.10935	-0.612939	5.60377
37.85	5.0787	-0.868407	5.62028
37.9	5.03528	-1.12234	5.63683
37.95	4.97916	-1.37411	5.65343
38	4.91046	-1.62306	5.67006
38.05	4.82931	-1.86859	5.68674
38.1	4.73588	-2.11005	5.70345
38.15	4.63037	-2.34685	5.72021
38.2	4.51303	-2.57836	5.73701
38.25	4.38411	-2.80402	5.75385
38.3	4.24391	-3.02322	5.77074
38.35	4.09275	-3.23542	5.78767
38.4	3.93098	-3.44006	5.80463
38.45	3.75898	-3.6366	5.82165
38.5	3.57715	-3.82455	5.8387
38.55	3.38592	-4.00341	5.8558
38.6	3.18575	-4.17271	5.87294
38.65	2.97711	-4.33199	5.89012
38.7	2.76051	-4.48085	5.90734
38.75	2.53647	-4.61888	5.92461
38.8	2.30553	-4.7457	5.94192
38.85	2.06824	-4.86098	5.95928
38.9	1.82519	-4.96439	5.97668
38.95	1.57697	-5.05565	5.99412
39	1.32419	-5.1345	6.0116
39.05	1.06747	-5.20071	6.02913
39.1	0.807432	-5.25408	6.04671
39.15	0.544728	-5.29445	6.06432
39.2	0.280006	-5.32169	6.08198
39.25	0.0139215	-5.33569	6.09969
39.3	-0.252863	-5.33638	6.11744
39.35	-0.519682	-5.32374	6.13523
39.4	-0.785869	-5.29776	6.15307
39.45	-1.05076	-5.25846	6.17095
39.5	-1.31368	-5.20592	6.18888
39.55	-1.57398	-5.14024	6.20685
39.6	-1.83099	-5.06154	6.22487
39.65	-2.08407	-4.96999	6.24293
39.7	-2.33256	-4.86579	6.26104
39.75	-2.57585	-4.74916	6.27919
39.8	-2.81331	-4.62037	6.29739
39.85	-3.04433	-4.4797	6.31563
39.9	-3.26832	-4.32749	6.33392
39.95	-3.48469	-4.16407	6.35226
40	-3.69289	-3.98984	6.37064
40.05	-3.89239	-3.80519	6.38906
40.1	-4.08265	-3.61057	6.40754
40.15	-4.26317	-3.40644	6.42606
40.2	-4.4335	-3.19328	6.44462
40.25	-4.59316	-2.97161	6.46323
40.3	-4.74174	-2.74195	6.48189
40.35	-4.87884	-2.50486	6.50059
40.4	-5.00408	-2.26092	6.51935
40.45	-5.11713	-2.01072	6.53814
40.5	-5.21766	-1.75486	6.55699
40.55	-5.30541	-1.49398	6.57588
40.6	-5.3801	-1.22871	6.59482
40.65	-5.44154	-0.9597	6.61381
40.7	-5.48952	-0.687623	6.63284
40.75	-5.52391	-0.413147	6.65193
40.8	-5.54456	-0.136952	6.67106
40.85	-5.55141	0.140276	6.69023
40.9	-5.5444	0.417847	6.70946
40.95	-5.5235	0.695067	6.72873
41	-5.48875	0.971242	6.74805
41.05	-5.44019	1.24568	6.76742
41.1	-5.3779	1.51769	6.78684
41.15	-5.30202	1.78658	6.80631
41.2	-5.21269	2.05169	6.82583
41.25	-5.11011	2.31232	6.84539
41.3	-4.99449	2.56783	6.865
41.35	-4.8661	2.81755	6.88467
41.4	-4.72522	3.06085	6.90438
41.45	-4.57218	3.29712	6.92414
41.5	-4.40732	3.52572	6.94395
41.55	-4.23104	3.74609	6.96381
41.6	-4.04373	3.95764	6.98372
41.65	-3.84585	4.15983	7.00368
41.7	-3.63786	4.35212	7.02369
41.75	-3.42025	4.53401	7.04375
41.8	-3.19355	4.70503	7.06386
41.85	-2.9583	4.86471	7.08402
41.9	-2.71507	5.01262	7.10423
41.95	-2.46443	5.14837	7.12449
42	-2.20702	5.2716	7.1448
42.05	-1.94344	5.38195	7.16516
42.1	-1.67434	5.47912	7.18557
42.15	-1.40038	5.56283	7.20604
42.2	-1.12224	5.63285	7.22655
42.25	-0.840599	5.68897	7.24712
42.3	-0.556151	5.731	7.26774
42.35	-0.269601	5.7588	7.2884
42.4	0.0183394	5.77228	7.30913
42.45	0.306954	5.77137	7.3299
42.5	0.595522	5.75602	7.35072
42.55	0.883323	5.72624	7.3716
42.6	1.16964	5.68208	7.39253
42.65	1.45374	5.62359	7.41351
42.7	1.73492	5.55091	7.43454
42.75	2.01246	5.46416	7.45563
42.8	2.28567	5.36354	7.47677
42.85	2.55385	5.24926	7.49796
42.9	2.81631	5.12156	7.51921
42.95	3.07239	4.98075	7.5405
43	3.32143	4.82713	7.56186
43.05	3.56278	4.66106	7.58326
43.1	3.79584	4.48292	7.60472
43.15	4.01998	4.29313	7.62623
43.2	4.23464	4.09213	7.6478
43.25	4.43924	3.88039	7.66942
43.3	4.63326	3.65843	7.69109
43.35	4.81619	3.42677	7.71282
43.4	4.98752	3.18596	7.7346
43.45	5.14682	2.93658	7.75644
43.5	5.29365	2.67924	7.77833
43.55	5.42761	2.41456	7.80027
43.6	5.54834	2.14318	7.82227
43.65	5.6555	1.86576	7.84433
43.7	5.74879	1.58299	7.86644
43.75	5.82794	1.29555	7.88861
43.8	5.89272	1.00415	7.91083
43.85	5.94292	0.709515	7.9331
43.9	5.9784	0.412368	7.95544
43.95	5.99902	0.113448	7.97783
44	6.00469	-0.186502	8.00027
44.05	5.99536	-0.486737	8.02277
44.1	5.97103	-0.786505	8.04533
44.15	5.9317	-1.08506	8.06794
44.2	5.87745	-1.38164	8.09061
44.25	5.80837	-1.67551	8.11334
44.3	5.72459	-1.96593	8.13612
44.35	5.6263	-2.25216	8.15896
44.4	5.51369	-2.53348	8.18186
44.45	5.38701	-2.80916	8.20481
44.5	5.24656	-3.07851	8.22783
44.55	5.09263	-3.34084	8.25089
44.6	4.92559	-3.59547	8.27402
44.65	4.74581	-3.84175	8.29721
44.7	4.55373	-4.07904	8.32045
44.75	4.34977	-4.30673	8.34375
44.8	4.13444	-4.52422	8.36711
44.85	3.90823	-4.73094	8.39053
44.9	3.67168	-4.92635	8.414
44.95	3.42536	-5.10993	8.43754
45	3.16987	-5.2812	8.46113
45.05	2.90581	-5.4397	8.48479
45.1	2.63382	-5.58499	8.5085
45.15	2.35457	-5.71668	8.53227
45.2	2.06874	-5.83441	8.5561
45.25	1.77702	-5.93784	8.57999
45.3	1.48013	-6.02669	8.60394
45.35	1.17879	-6.1007	8.62795
45.4	0.873756	-6.15964	8.65202
45.45	0.565774	-6.20333	8.67615
45.5	0.255608	-6.23162	8.70034
45.55	-0.0559726	-6.2444	8.72459
45.6	-0.368192	-6.2416	8.7489
45.65	-0.680272	-6.22319	8.77328
45.7	-0.991432	-6.18917	8.79771
45.75	-1.30089	-6.1396	8.8222
45.8	-1.60787	-6.07456	8.84676
45.85	-1.9116	-5.99416	8.87137
45.9	-2.21131	-5.89858	8.89605
45.95	-2.50624	-5.78802	8.92079
46	-2.79564	-5.66271	8.9456
46.05	-3.07877	-5.52293	8.97046
46.1	-3.35492	-5.36899	8.99539
46.15	-3.62337	-5.20124	9.02037
46.2	-3.88343	-5.02007	9.04542
46.25	-4.13443	-4.8259	9.07054
46.3	-4.37573	-4.61918	9.09571
46.35	-4.60669	-4.40039	9.12095
46.4	-4.82671	-4.17006	9.14626
46.45	-5.03521	-3.92872	9.17162
46.5	-5.23165	-3.67696	9.19705
46.55	-5.41549	-3.41538	9.22254
46.6	-5.58626	-3.14461	9.2481
46.65	-5.74349	-2.86529	9.27372
46.7	-5.88676	-2.57812	9.2994
46.75	-6.01566	-2.28378	9.32515
46.8	-6.12985	-1.983	9.35097
46.85	-6.229	-1.6765	9.37684
46.9	-6.31283	-1.36505	9.40279
46.95	-6.38108	-1.04941	9.42879
47	-6.43355	-0.730358	9.45486
47.05	-6.47007	-0.408681	9.481
47.1	-6.4905	-0.0851774	9.5072
47.15	-6.49476	0.239348	9.53347
47.2	-6.48279	0.564086	9.55981
47.25	-6.45459	0.888226	9.58621
47.3	-6.41018	1.21096	9.61267
47.35	-6.34963	1.53146	9.6392
47.4	-6.27306	1.84895	9.6658
47.45	-6.18061	2.1626	9.69247
47.5	-6.07248	2.47163	9.7192
47.55	-5.9489	2.77525	9.74599
47.6	-5.81014	3.0727	9.77286
47.65	-5.6565	3.36321	9.79979
47.7	-5.48834	3.64603	9.82679
47.75	-5.30604	3.92045	9.85386
47.8	-5.11002	4.18575	9.88099
47.85	-4.90073	4.44125	9.9082
47.9	-4.67867	4.68629	9.93547
47.95	-4.44435	4.92022	9.9628
48	-4.19834	5.14244	9.99021
48.05	-3.94122	5.35235	10.0177
48.1	-3.6736	5.54942	10.0452
48.15	-3.39613	5.7331	10.0728
48.2	-3.10948	5.9029	10.1005
48.25	-2.81433	6.05838	10.1283
48.3	-2.51141	6.19909	10.1561
48.35	-2.20146	6.32466	10.184
48.4	-1.88523	6.43474	10.2119
48.45	-1.56349	6.529	10.24
48.5	-1.23704	6.60717	10.2681
48.55	-0.90668	6.66902	10.2962
48.6	-0.573229	6.71436	10.3245
48.65	-0.237511	6.74302	10.3528
48.7	0.0996399	6.7549	10.3812
48.75	0.437385	6.74991	10.4096
48.8	0.77488	6.72804	10.4382
48.85	1.11128	6.6893	10.4668
48.9	1.44575	6.63374	10.4954
48.95	1.77743	6.56145	10.5242
49	2.10551	6.47258	10.553
49.05	2.42914	6.3673	10.5819
49.1	2.7475	6.24584	10.6108
49.15	3.05979	6.10847	10.6398
49.2	3.36522	5.95548	10.6689
49.25	3.66299	5.78722	10.6981
49.3	3.95235	5.60407	10.7274
49.35	4.23255	5.40645	10.7567
49.4	4.50288	5.19482	10.7861
49.45	4.76262	4.96968	10.8155
49.5	5.0111	4.73155	10.8451
49.55	5.24768	4.48099	10.8747
49.6	5.47173	4.21861	10.9044
49.65	5.68266	3.94502	10.9341
49.7	5.87991	3.66089	10.964
49.75	6.06296	3.3669	10.9939
49.8	6.2313	3.06375	11.0239
49.85	6.38449	2.75218	11.0539
49.9	6.5221	2.43296	11.0841
49.95	6.64375	2.10685	11.1143
50	6.74909	1.77467	11.1445
50.05	6.83782	1.43721	11.1749
50.1	6.90968	1.09532	11.2053
50.15	6.96445	0.749836	11.2359
50.2	7.00194	0.401614	11.2664
50.25	7.02202	0.051517	11.2971
50.3	7.0246	-0.299584	11.3279
50.35	7.00962	-0.650814	11.3587
50.4	6.97708	-1.00129	11.3896
50.45	6.92701	-1.35015	11.4205
50.5	6.8595	-1.6965	11.4516
50.55	6.77468	-2.03947	11.4827
50.6	6.67271	-2.37821	11.5139
50.65	6.5538	-2.71184	11.5452
50.7	6.4182	-3.03953	11.5766
50.75	6.26623	-3.36044	11.608
50.8	6.0982	-3.67375	11.6395
50.85	5.91452	-3.97867	11.6711
50.9	5.71558	-4.27439	11.7028
50.95	5.50186	-4.56017	11.7346
51	5.27386	-4.83526	11.7664
51.05	5.03209	-5.09896	11.7983
51.1	4.77714	-5.35056	11.8303
51.15	4.50962	-5.58942	11.8624
51.2	4.23015	-5.8149	11.8946
51.25	3.9394	-6.02641	11.9268
51.3	3.63808	-6.22338	11.9591
51.35	3.32691	-6.40528	11.9915
51.4	3.00665	-6.57163	12.024
51.45	2.67807	-6.72196	12.0565
51.5	2.34197	-6.85586	12.0892
51.55	1.99918	-6.97296	12.1219
51.6	1.65053	-7.07292	12.1547
51.65	1.29688	-7.15544	12.1876
51.7	0.939109	-7.22029	12.2206
51.75	0.578095	-7.26724	12.2536
51.8	0.214732	-7.29615	12.2868
51.85	-0.150075	-7.30689	12.32
51.9	-0.515419	-7.29938	12.3533
51.95	-0.880388	-7.27361	12.3867
52	-1.24407	-7.22959	12.4201
52.05	-1.60555	-7.16739	12.4537
52.1	-1.96392	-7.08711	12.4873
52.15	-2.31827	-6.98891	12.521
52.2	-2.66772	-6.873	12.5548
52.25	-3.01137	-6.73961	12.5887
52.3	-3.34835	-6.58905	12.6227
52.35	-3.6778	-6.42163	12.6567
52.4	-3.99888	-6.23774	12.6909
52.45	-4.31077	-6.03779	12.7251
52.5	-4.61266	-5.82226	12.7594
52.55	-4.90377	-5.59162	12.7938
52.6	-5.18335	-5.34643	12.8283
52.65	-5.45068	-5.08727	12.8629
52.7	-5.70504	-4.81473	12.8975
52.75	-5.94578	-4.52948	12.9323
52.8	-6.17225	-4.23219	12.9671
52.85	-6.38386	-3.92358	13.002
52.9	-6.58004	-3.60439	13.037
52.95	-6.76026	-3.27538	13.0721
53	-6.92403	-2.93737	13.1073
53.05	-7.0709	-2.59117	13.1426
53.1	-7.20045	-2.23763	13.1779
53.15	-7.31234	-1.8776	13.2134
53.2	-7.40622	-1.51199	13.2489
53.25	-7.48182	-1.14168	13.2845
53.3	-7.5389	-0.767585	13.3202
53.35	-7.57728	-0.39064	13.356
53.4	-7.59681	-0.0117757	13.3919
53.45	-7.5974	0.368065	13.4279
53.5	-7.579	0.747935	13.464
53.55	-7.5416	1.12688	13.5001
53.6	-7.48525	1.50396	13.5364
53.65	-7.41006	1.87823	13.5727
53.7	-7.31615	2.24873	13.6092
53.75	-7.20371	2.61454	13.6457
53.8	-7.07298	2.97472	13.6823
53.85	-6.92425	3.32837	13.719
53.9	-6.75783	3.67458	13.7558
53.95	-6.5741	4.01248	13.7927
54	-6.37347	4.34118	13.8297
54.05	-6.15642	4.65985	13.8668
54.1	-5.92342	4.96767	13.9039
54.15	-5.67504	5.26385	13.9412
54.2	-5.41185	5.5476	13.9785
54.25	-5.13447	5.81819	14.016
54.3	-4.84356	6.07491	14.0535
54.35	-4.53981	6.31709	14.0912
54.4	-4.22396	6.54408	14.1289
54.45	-3.89675	6.75528	14.1667
54.5	-3.55899	6.95012	14.2046
54.55	-3.21148	7.12807	14.2426
54.6	-2.85508	7.28864	14.2807
54.65	-2.49065	7.43139	14.3189
54.7	-2.11908	7.55593	14.3572
54.75	-1.74128	7.66188	14.3956
54.8	-1.35819	7.74895	14.4341
54.85	-0.97074	7.81685	14.4727
54.9	-0.579897	7.86539	14.5114
54.95	-0.186628	7.89439	14.5502
55	0.208092	7.90372	14.589
55.05	0.603278	7.89331	14.628
55.1	0.997943	7.86315	14.6671
55.15	1.3911	7.81325	14.7063
55.2	1.78176	7.7437	14.7455
55.25	2.16895	7.65461	14.7849
55.3	2.55168	7.54616	14.8243
55.35	2.92899	7.41858	14.8639
55.4	3.29992	7.27213	14.9036
55.45	3.66352	7.10713	14.9433
55.5	4.01888	6.92396	14.9832
55.55	4.36508	6.72301	15.0231
55.6	4.70123	6.50476	15.0632
55.65	5.02647	6.2697	15.1034
55.7	5.33995	6.01837	15.1436
55.75	5.64087	5.75138	15.184
55.8	5.92844	5.46933	15.2244
55.85	6.2019	5.17291	15.265
55.9	6.46055	4.86282	15.3057
55.95	6.70369	4.53979	15.3464
56	6.93068	4.2046	15.3873
56.05	7.14091	3.85807	15.4283
56.1	7.33381	3.50102	15.4693
56.15	7.50886	3.13433	15.5105
56.2	7.66558	2.75889	15.5518
56.25	7.80353	2.37561	15.5932
56.3	7.92231	1.98544	15.6346
56.35	8.02158	1.58932	15.6762
56.4	8.10104	1.18824	15.7179
56.45	8.16046	0.783189	15.7597
56.5	8.19962	0.375166	15.8016
56.55	8.21837	-0.0348148	15.8436
56.6	8.21663	-0.445734	15.8857
56.65	8.19435	-0.856565	15.9279
56.7	8.15152	-1.26628	15.9703
56.75	8.0882	-1.67386	16.0127
56.8	8.00451	-2.07827	16.0552
56.85	7.9006	-2.47849	16.0979
56.9	7.77667	-2.87352	16.1406
56.95	7.633	-3.26236	16.1834
57	7.46988	-3.64401	16.2264
57.05	7.28768	-4.0175	16.2695
57.1	7.0868	-4.38189	16.3126
57.15	6.86771	-4.73623	16.3559
57.2	6.6309	-5.07961	16.3993
57.25	6.37692	-5.41116	16.4428
57.3	6.10636	-5.73	16.4864
57.35	5.81986	-6.03532	16.5301
57.4	5.51809	-6.32631	16.574
57.45	5.20178	-6.60222	16.6179
57.5	4.87167	-6.86231	16.6619
57.55	4.52855	-7.10589	16.7061
57.6	4.17326	-7.33232	16.7504
57.65	3.80664	-7.54098	16.7947
57.7	3.42959	-7.73131	16.8392
57.75	3.04303	-7.90279	16.8838
57.8	2.64789	-8.05494	16.9285
57.85	2.24514	-8.18734	16.9734
57.9	1.83577	-8.29959	17.0183
57.95	1.42079	-8.39138	17.0633
58	1.00122	-8.46242	17.1085
58.05	0.578103	-8.51248	17.1538
58.1	0.152479	-8.54139	17.1991
58.15	-0.274591	-8.54901	17.2446
58.2	-0.702041	-8.53528	17.2903
58.25	-1.12881	-8.50018	17.336
58.3	-1.55381	-8.44374	17.3818
58.35	-1.976	-8.36605	17.4278
58.4	-2.3943	-8.26725	17.4738
58.45	-2.80767	-8.14754	17.52
58.5	-3.21504	-8.00715	17.5663
58.55	-3.6154	-7.8464	17.6127
58.6	-4.00772	-7.66563	17.6593
58.65	-4.391	-7.46524	17.7059
58.7	-4.76426	-7.24569	17.7527
58.75	-5.12655	-7.00748	17.7996
58.8	-5.47692	-6.75115	17.8466
58.85	-5.81448	-6.47731	17.8937
58.9	-6.13835	-6.18658	17.9409
58.95	-6.44768	-5.87967	17.9883
59	-6.74166	-5.55728	18.0357
59.05	-7.01952	-5.2202	18.0833
59.1	-7.28053	-4.86922	18.131
59.15	-7.52399	-4.5052	18.1789
59.2	-7.74925	-4.129	18.2268
59.25	-7.9557	-3.74153	18.2749
59.3	-8.14278	-3.34375	18.3231
59.35	-8.30997	-2.93661	18.3714
59.4	-8.4568	-2.52111	18.4198
59.45	-8.58285	-2.09827	18.4684
59.5	-8.68777	-1.66913	18.517
59.55	-8.77122	-1.23474	18.5658
59.6	-8.83296	-0.796179	18.6147
59.65	-8.87277	-0.354531	18.6638
59.7	-8.8905	0.0891077	18.7129
59.75	-8.88604	0.533633	18.7622
59.8	-8.85936	0.977935	18.8116
59.85	-8.81046	1.4209	18.8612
59.9	-8.73942	1.86143	18.9108
59.95	-8.64635	2.2984	18.9606
60	-8.53143	2.73071	19.0105
60.05	-8.39489	3.15729	19.0605
60.1	-8.23703	3.57703	19.1107
60.15	-8.05817	3.98888	19.1609
60.2	-7.85873	4.39179	19.2113
60.25	-7.63914	4.78473	19.2619
60.3	-7.39991	5.16668	19.3125
60.35	-7.14157	5.53668	19.3633
60.4	-6.86474	5.89376	19.4142
60.45	-6.57005	6.23699	19.4652
60.5	-6.2582	6.5655	19.5164
60.55	-5.92992	6.87841	19.5677
60.6	-5.586	7.1749	19.6191
60.65	-5.22726	7.4542	19.6707
60.7	-4.85455	7.71557	19.7223
60.75	-4.46877	7.95829	19.7742
60.8	-4.07086	8.18173	19.8261
60.85	-3.66177	8.38527	19.8782
60.9	-3.24251	8.56836	19.9303
60.95	-2.81409	8.73049	19.9827
61	-2.37756	8.87119	20.0351
61.05	-1.934	8.99007	20.0877
61.1	-1.4845	9.08677	20.1404
61.15	-1.03016	9.161	20.1933
61.2	-0.572112	9.2125	20.2463
61.25	-0.111486	9.24111	20.2994
61.3	0.350569	9.24668	20.3526
61.35	0.812903	9.22916	20.406
61.4	1.27436	9.18851	20.4595
61.45	1.73379	9.12479	20.5132
61.5	2.19003	9.0381	20.567
61.55	2.64193	8.9286	20.6209
61.6	3.08836	8.79651	20.6749
61.65	3.52819	8.64209	20.7291
61.7	3.96029	8.46568	20.7834
61.75	4.38357	8.26766	20.8379
61.8	4.79696	8.04848	20.8925
61.85	5.19938	7.80864	20.9472
61.9	5.58981	7.54867	21.0021
61.95	5.96725	7.26918	21.0571
62	6.33071	6.97081	21.1122
62.05	6.67925	6.65428	21.1675
62.1	7.01196	6.32032	21.2229
62.15	7.32798	5.96972	21.2785
62.2	7.62646	5.60332	21.3342
62.25	7.90663	5.222	21.39
62.3	8.16773	4.82667	21.446
62.35	8.40906	4.41828	21.5021
62.4	8.62998	3.99783	21.5584
62.45	8.82987	3.56633	21.6148
62.5	9.00818	3.12483	21.6713
62.55	9.16443	2.67442	21.728
62.6	9.29815	2.2162	21.7848
62.65	9.40896	1.7513	21.8418
62.7	9.49652	1.28085	21.8989
62.75	9.56056	0.806022	21.9561
62.8	9.60086	0.327994	22.0135
62.85	9.61726	-0.15205	22.071
62.9	9.60966	-0.632913	22.1287
62.95	9.57802	-1.1134	22.1865
63	9.52235	-1.5923	22.2445
63.05	9.44273	-2.06841	22.3026
63.1	9.33931	-2.54055	22.3609
63.15	9.21228	-3.00752	22.4193
63.2	9.06191	-3.46813	22.4778
63.25	8.8885	-3.92123	22.5365
63.3	8.69244	-4.36565	22.5954
63.35	8.47416	-4.80027	22.6544
63.4	8.23414	-5.22398	22.7135
63.45	7.97294	-5.63569	22.7728
63.5	7.69116	-6.03434	22.8322
63.55	7.38944	-6.41889	22.8918
63.6	7.0685	-6.78837	22.9515
63.65	6.72908	-7.14179	23.0114
63.7	6.37199	-7.47824	23.0714
63.75	5.99808	-7.79684	23.1316
63.8	5.60824	-8.09675	23.1919
63.85	5.2034	-8.37716	23.2524
63.9	4.78454	-8.63733	23.313
63.95	4.35267	-8.87656	23.3738
64	3.90885	-9.09419	23.4348
64.05	3.45414	-9.28963	23.4958
64.1	2.98966	-9.46234	23.5571
64.15	2.51654	-9.61182	23.6185
64.2	2.03595	-9.73765	23.68
64.25	1.54907	-9.83945	23.7417
64.3	1.05709	-9.9169	23.8036
64.35	0.561248	-9.96975	23.8656
64.4	0.0627603	-9.99782	23.9278
64.45	-0.437131	-10.001	23.9901
64.5	-0.937178	-9.9791	24.0525
64.55	-1.43613	-9.93224	24.1152
64.6	-1.93275	-9.86043	24.178
64.65	-2.42577	-9.7638	24.2409
64.7	-2.91396	-9.64251	24.304
64.75	-3.39608	-9.49681	24.3673
64.8	-3.87092	-9.32701	24.4307
64.85	-4.33727	-9.13346	24.4943
64.9	-4.79395	-8.9166	24.558
64.95	-5.23978	-8.6769	24.6219
65	-5.67362	-8.41491	24.686
65.05	-6.09437	-8.13123	24.7502
65.1	-6.50093	-7.82651	24.8145
65.15	-6.89225	-7.50146	24.8791
65.2	-7.26733	-7.15685	24.9438
65.25	-7.62517	-6.79348	25.0086
65.3	-7.96484	-6.41223	25.0737
65.35	-8.28545	-6.01398	25.1388
65.4	-8.58615	-5.59971	25.2042
65.45	-8.86614	-5.1704	25.2697
65.5	-9.12466	-4.7271	25.3354
65.55	-9.36101	-4.27086	25.4012
65.6	-9.57456	-3.80281	25.4672
65.65	-9.7647	-3.32409	25.5334
65.7	-9.9309	-2.83585	25.5997
65.75	-10.0727	-2.33931	25.6662
65.8	-10.1897	-1.83567	25.7329
65.85	-10.2814	-1.32619	25.7997
65.9	-10.3478	-0.812116	25.8667
65.95	-10.3884	-0.294728	25.9339
66	-10.4031	0.22469	26.0012
66.05	-10.3919	0.744845	26.0687
66.1	-10.3546	1.26444	26.1364
66.15	-10.2914	1.78217	26.2042
66.2	-10.2023	2.29674	26.2722
66.25	-10.0875	2.80685	26.3404
66.3	-9.94711	3.31123	26.4088
66.35	-9.78155	3.80858	26.4773
66.4	-9.59112	4.29766	26.546
66.45	-9.37624	4.77721	26.6149
66.5	-9.13737	5.24603	26.6839
66.55	-8.87507	5.70289	26.7531
66.6	-8.58993	6.14665	26.8225
66.65	-8.2826	6.57614	26.892
66.7	-7.95379	6.99027	26.9618
66.75	-7.60428	7.38796	27.0317
66.8	-7.23488	7.76818	27.1018
66.85	-6.84647	8.12992	27.172
66.9	-6.43997	8.47224	27.2424
66.95	-6.01636	8.79424	27.313
67	-5.57665	9.09506	27.3838
67.05	-5.12189	9.37389	27.4548
67.1	-4.6532	9.62999	27.5259
67.15	-4.1717	9.86265	27.5972
67.2	-3.67857	10.0712	27.6687
67.25	-3.17501	10.2552	27.7404
67.3	-2.66225	10.4139	27.8123
67.35	-2.14155	10.547	27.8843
67.4	-1.6142	10.6541	27.9565
67.45	-1.0815	10.7348	28.0289
67.5	-0.544755	10.7889	28.1015
67.55	-0.00531111	10.8161	28.1742
67.6	0.535495	10.8164	28.2471
67.65	1.07631	10.7896	28.3203
67.7	1.6158	10.7358	28.3936
67.75	2.15259	10.655	28.467
67.8	2.68534	10.5474	28.5407
67.85	3.21271	10.4131	28.6146
67.9	3.73336	10.2525	28.6886
67.95	4.24598	10.0658	28.7628
68	4.74928	9.85351	28.8372
68.05	5.24195	9.61605	28.9118
68.1	5.72275	9.35395	28.9866
68.15	6.19045	9.06781	29.0616
68.2	6.64384	8.75829	29.1367
68.25	7.08176	8.4261	29.2121
68.3	7.50306	8.07201	29.2876
68.35	7.90666	7.69686	29.3633
68.4	8.2915	7.30152	29.4392
68.45	8.65658	6.88695	29.5153
68.5	9.00093	6.45412	29.5916
68.55	9.32363	6.00407	29.6681
68.6	9.62384	5.53789	29.7448
68.65	9.90073	5.0567	29.8216
68.7	10.1536	4.56166	29.8987
68.75	10.3817	4.05399	29.9759
68.8	10.5843	3.5349	30.0534
68.85	10.7611	3.00569	30.131
68.9	10.9114	2.46763	30.2088
68.95	11.0348	1.92206	30.2868
69	11.1309	1.37032	30.3651
69.05	11.1994	0.81378	30.4435
69.1	11.2401	0.253811	30.5221
69.15	11.2528	-0.308192	30.6009
69.2	11.2373	-0.87083	30.6799
69.25	11.1938	-1.4327	30.7591
69.3	11.1222	-1.99239	30.8385
69.35	11.0226	-2.5485	30.9181
69.4	10.8951	-3.09962	30.9979
69.45	10.7401	-3.64438	31.0779
69.5	10.5579	-4.18139	31.1581
69.55	10.3489	-4.70928	31.2385
69.6	10.1134	-5.22673	31.3191
69.65	9.85206	-5.7324	31.3999
69.7	9.56544	-6.225	31.4809
69.75	9.25419	-6.70327	31.5621
69.8	8.91903	-7.16598	31.6435
69.85	8.56073	-7.61193	31.7251
69.9	8.18013	-8.03997	31.8069
69.95	7.77813	-8.44898	31.8889
70	7.35568	-8.83788	31.9711
70.05	6.91379	-9.20567	32.0536
70.1	6.4535	-9.55136	32.1362
70.15	5.97594	-9.87403	32.219
70.2	5.48224	-10.1728	32.3021
70.25	4.97359	-10.4469	32.3853
70.3	4.45125	-10.6956	32.4688
70.35	3.91647	-10.9182	32.5525
70.4	3.37056	-11.114	32.6363
70.45	2.81486	-11.2825	32.7204
70.5	2.25073	-11.4233	32.8047
70.55	1.67957	-11.5358	32.8893
70.6	1.10278	-11.6198	32.974
70.65	0.521786	-11.6749	33.0589
70.7	-0.0619603	-11.701	33.1441
70.75	-0.647011	-11.6979	33.2294
70.8	-1.23191	-11.6656	33.315
70.85	-1.81519	-11.604	33.4008
70.9	-2.39538	-11.5132	33.4868
70.95	-2.97105	-11.3934	33.573
71	-3.54072	-11.2449	33.6594
71.05	-4.10296	-11.0679	33.7461
71.1	-4.65636	-10.8627	33.8329
71.15	-5.19949	-10.6299	33.92
71.2	-5.73099	-10.3699	34.0073
71.25	-6.24948	-10.0834	34.0948
71.3	-6.75365	-9.77089	34.1826
71.35	-7.24219	-9.43321	34.2705
71.4	-7.71385	-9.0711	34.3587
71.45	-8.16741	-8.68541	34.4471
71.5	-8.60168	-8.27704	34.5357
71.55	-9.01553	-7.84695	34.6246
71.6	-9.40788	-7.39618	34.7136
71.65	-9.77769	-6.92578	34.8029
71.7	-10.124	-6.4369	34.8924
71.75	-10.4458	-5.9307	34.9822
71.8	-10.7424	-5.40841	35.0721
71.85	-11.0128	-4.87129	35.1623
71.9	-11.2563	-4.32065	35.2527
71.95	-11.4724	-3.75784	35.3433
72	-11.6603	-3.18422	35.4342
72.05	-11.8195	-2.6012	35.5253
72.1	-11.9495	-2.01023	35.6166
72.15	-12.0501	-1.41275	35.7081
72.2	-12.1207	-0.81025	35.7999
72.25	-12.1612	-0.204216	35.8919
72.3	-12.1714	0.403844	35.9841
72.35	-12.1512	1.01241	36.0766
72.4	-12.1006	1.61998	36.1693
72.45	-12.0196	2.22501	36.2622
72.5	-11.9083	2.82599	36.3554
72.55	-11.767	3.4214	36.4487
72.6	-11.596	4.00976	36.5424
72.65	-11.3955	4.58955	36.6362
72.7	-11.166	5.15933	36.7303
72.75	-10.908	5.71763	36.8246
72.8	-10.6222	6.26303	36.9192
72.85	-10.309	6.79414	37.014
72.9	-9.96931	7.30959	37.109
72.95	-9.60383	7.80806	37.2043
73	-9.21343	8.28825	37.2998
73.05	-8.79901	8.74892	37.3956
73.1	-8.36157	9.18887	37.4916
73.15	-7.90212	9.60695	37.5878
73.2	-7.42178	10.0021	37.6843
73.25	-6.92167	10.3731	37.781
73.3	-6.40302	10.7192	37.8779
73.35	-5.86705	11.0394	37.9751
73.4	-5.31509	11.3327	38.0725
73.45	-4.74845	11.5985	38.1702
73.5	-4.16852	11.8359	38.2682
73.55	-3.57673	12.0443	38.3663
73.6	-2.97451	12.2232	38.4647
73.65	-2.36335	12.3719	38.5634
73.7	-1.74476	12.4901	38.6623
73.75	-1.12026	12.5773	38.7615
73.8	-0.491391	12.6333	38.8609
73.85	0.140274	12.6579	38.9605
73.9	0.773168	12.6509	39.0604
73.95	1.40571	12.6122	39.1606
74	2.03632	12.5419	39.261
74.05	2.66342	12.4401	39.3616
74.1	3.28542	12.3069	39.4625
74.15	3.90077	12.1427	39.5637
74.2	4.5079	11.9476	39.6651
74.25	5.10529	11.7222	39.7668
74.3	5.6914	11.467	39.8687
74.35	6.26475	11.1824	39.9709
74.4	6.82387	10.8692	40.0733
74.45	7.36732	10.528	40.176
74.5	7.89372	10.1596	40.2789
74.55	8.4017	9.76492	40.3821
74.6	8.88995	9.34483	40.4856
74.65	9.35719	8.90033	40.5893
74.7	9.80221	8.43247	40.6932
74.75	10.2238	7.94236	40.7975
74.8	10.6209	7.43117	40.902
74.85	10.9925	6.90013	41.0067
74.9	11.3375	6.3505	41.1117
74.95	11.655	5.78362	41.217
75	11.9442	5.20087	41.3226
75.05	12.2043	4.60366	41.4284
75.1	12.4344	3.99345	41.5344
75.15	12.6341	3.37173	41.6408
75.2	12.8027	2.74002	41.7474
75.25	12.9397	2.09988	41.8542
75.3	13.0447	1.4529	41.9614
75.35	13.1173	0.800664	42.0688
75.4	13.1574	0.144797	42.1765
75.45	13.1646	-0.513072	42.2844
75.5	13.139	-1.1713	42.3926
75.55	13.0804	-1.82825	42.5011
75.6	12.989	-2.48227	42.6098
75.65	12.8649	-3.13172	42.7189
75.7	12.7083	-3.77496	42.8282
75.75	12.5195	-4.41038	42.9377
75.8	12.299	-5.03636	43.0476
75.85	12.0472	-5.65131	43.1577
75.9	11.7646	-6.25367	43.2681
75.95	11.452	-6.8419	43.3788
76	11.1099	-7.4145	43.4897
76.05	10.7391	-7.96999	43.6009
76.1	10.3406	-8.50695	43.7124
76.15	9.91529	-9.02398	43.8242
76.2	9.46409	-9.51974	43.9363
76.25	8.9881	-9.99295	44.0486
76.3	8.48845	-10.4424	44.1612
76.35	7.96634	-10.8668	44.2741
76.4	7.423	-11.2651	44.3873
76.45	6.85974	-11.6362	44.5008
76.5	6.27793	-11.9792	44.6145
76.55	5.67897	-12.2931	44.7286
76.6	5.06431	-12.5771	44.8429
76.65	4.43546	-12.8303	44.9575
76.7	3.79395	-13.0521	45.0724
76.75	3.14134	-13.2418	45.1876
76.8	2.47925	-13.3988	45.3031
76.85	1.80931	-13.5228	45.4188
76.9	1.13317	-13.6133	45.5349
76.95	0.452511	-13.6699	45.6512
77	-0.230985	-13.6925	45.7678
77.05	-0.915612	-13.681	45.8847
77.1	-1.59966	-13.6352	46.002
77.15	-2.28142	-13.5552	46.1195
77.2	-2.95918	-13.4412	46.2373
77.25	-3.63124	-13.2932	46.3554
77.3	-4.2959	-13.1116	46.4737
77.35	-4.95148	-12.8968	46.5924
77.4	-5.59632	-12.6493	46.7114
77.45	-6.22879	-12.3694	46.8307
77.5	-6.84726	-12.058	46.9503
77.55	-7.45016	-11.7156	47.0701
77.6	-8.03594	-11.3431	47.1903
77.65	-8.6031	-10.9413	47.3108
77.7	-9.15017	-10.5112	47.4316
77.75	-9.67573	-10.0537	47.5526
77.8	-10.1784	-9.56989	47.674
77.85	-10.6569	-9.06097	47.7957
77.9	-11.11	-8.52813	47.9177
77.95	-11.5364	-7.97263	48.04
78	-11.935	-7.39581	48.1626
78.05	-12.3048	-6.79906	48.2855
78.1	-12.6447	-6.18382	48.4087
78.15	-12.9539	-5.55158	48.5322
78.2	-13.2315	-4.90389	48.6561
78.25	-13.4767	-4.24231	48.7802
78.3	-13.6888	-3.56848	48.9047
78.35	-13.8672	-2.88404	49.0294
78.4	-14.0114	-2.19068	49.1545
78.45	-14.121	-1.4901	49.2799
78.5	-14.1955	-0.784055	49.4056
78.55	-14.2347	-0.074281	49.5316
78.6	-14.2384	0.637453	49.6579
78.65	-14.2065	1.34937	49.7846
78.7	-14.1391	2.0597	49.9115
78.75	-14.0361	2.76665	50.0388
78.8	-13.8977	3.46846	50.1664
78.85	-13.7243	4.16334	50.2943
78.9	-13.5161	4.84956	50.4226
78.95	-13.2737	5.52537	50.5511
79	-12.9974	6.18905	50.68
79.05	-12.6879	6.83892	50.8092
79.1	-12.346	7.47332	50.9387
79.15	-11.9723	8.09062	51.0686
79.2	-11.5678	8.68923	51.1987
79.25	-11.1333	9.26762	51.3292
79.3	-10.67	9.82429	51.4601
79.35	-10.1787	10.3578	51.5912
79.4	-9.66086	10.8667	51.7227
79.45	-9.11752	11.3498	51.8545
79.5	-8.55003	11.8056	51.9866
79.55	-7.95975	12.2331	52.1191
79.6	-7.3481	12.6311	52.2519
79.65	-6.71654	12.9985	52.385
79.7	-6.06661	13.3344	52.5185
79.75	-5.39989	13.6377	52.6523
79.8	-4.71801	13.9077	52.7864
79.85	-4.02262	14.1436	52.9209
79.9	-3.31544	14.3447	53.0557
79.95	-2.59821	14.5105	53.1908
80	-1.87268	14.6404	53.3263
80.05	-1.14066	14.734	53.4621
80.1	-0.403961	14.7911	53.5983
80.15	0.335593	14.8113	53.7348
80.2	1.07616	14.7945	53.8716
80.25	1.81588	14.7407	54.0088
80.3	2.55292	14.6499	54.1463
80.35	3.28541	14.5222	54.2842
80.4	4.01152	14.358	54.4224
80.45	4.72942	14.1574	54.5609
80.5	5.43729	13.9209	54.6998
80.55	6.13334	13.6491	54.8391
80.6	6.81579	13.3424	54.9787
80.65	7.48291	13.0016	55.1186
80.7	8.13299	12.6275	55.2589
80.75	8.76436	12.2208	55.3996
80.8	9.3754	11.7826	55.5406
80.85	9.96453	11.3138	55.6819
80.9	10.5302	10.8156	55.8236
80.95	11.071	10.2891	55.9657
81	11.5855	9.73553	56.1081
81.05	12.0722	9.15626	56.2509
81.1	12.53	8.55265	56.394
81.15	12.9577	7.92615	56.5375
81.2	13.354	7.27826	56.6813
81.25	13.7179	6.61056	56.8255
81.3	14.0484	5.92467	56.9701
81.35	14.3447	5.22225	57.115
81.4	14.6058	4.50501	57.2603
81.45	14.831	3.77473	57.406
81.5	15.0198	3.03317	57.552
81.55	15.1714	2.28219	57.6983
81.6	15.2855	1.52361	57.8451
81.65	15.3617	0.759338	57.9922
81.7	15.3997	-0.0087472	58.1397
81.75	15.3992	-0.778731	58.2875
81.8	15.3603	-1.54869	58.4358
81.85	15.2829	-2.31671	58.5843
81.9	15.167	-3.08085	58.7333
81.95	15.013	-3.8392	58.8826
82	14.821	-4.58985	59.0323
82.05	14.5915	-5.3309	59.1824
82.1	14.325	-6.06048	59.3329
82.15	14.022	-6.77673	59.4837
82.2	13.6831	-7.47783	59.6349
82.25	13.3092	-8.16199	59.7865
82.3	12.9011	-8.82745	59.9385
82.35	12.4598	-9.47251	60.0908
82.4	11.9861	-10.0955	60.2436
82.45	11.4814	-10.6948	60.3967
82.5	10.9466	-11.2689	60.5502
82.55	10.3832	-11.8162	60.704
82.6	9.79238	-12.3354	60.8583
82.65	9.17561	-12.825	61.0129
82.7	8.53436	-13.2838	61.168
82.75	7.87017	-13.7105	61.3234
82.8	7.18465	-14.104	61.4792
82.85	6.47945	-14.4632	61.6354
82.9	5.75629	-14.7872	61.792
82.95	5.01693	-15.075	61.949
83	4.26318	-15.3259	62.1063
83.05	3.49688	-15.539	62.2641
83.1	2.71993	-15.7139	62.4223
83.15	1.93424	-15.8499	62.5808
83.2	1.14175	-15.9466	62.7398
83.25	0.34442	-16.0037	62.8991
83.3	-0.455762	-16.0209	63.0589
83.35	-1.25681	-15.9981	63.219
83.4	-2.05671	-15.9352	63.3796
83.45	-2.85347	-15.8324	63.5405
83.5	-3.64509	-15.6897	63.7019
83.55	-4.42958	-15.5075	63.8636
83.6	-5.20495	-15.286	64.0258
83.65	-5.96925	-15.0258	64.1883
83.7	-6.72054	-14.7273	64.3513
83.75	-7.45691	-14.3913	64.5147
83.8	-8.17647	-14.0184	64.6785
83.85	-8.87739	-13.6096	64.8427
83.9	-9.55787	-13.1657	65.0073
83.95	-10.2162	-12.6878	65.1723
84	-10.8505	-12.177	65.3377
84.05	-11.4594	-11.6345	65.5036
84.1	-12.0411	-11.0615	65.6698
84.15	-12.5942	-10.4595	65.8365
84.2	-13.1172	-9.82976	66.0036
84.25	-13.6087	-9.1739	66.1711
84.3	-14.0674	-8.49347	66.339
84.35	-14.492	-7.7901	66.5074
84.4	-14.8815	-7.0655	66.6761
84.45	-15.2348	-6.32142	66.8453
84.5	-15.5509	-5.55968	67.015
84.55	-15.8289	-4.78214	67.185
84.6	-16.068	-3.9907	67.3554
84.65	-16.2675	-3.1873	67.5263
84.7	-16.4269	-2.37392	67.6977
84.75	-16.5456	-1.55258	67.8694
84.8	-16.6232	-0.725299	68.0416
84.85	-16.6595	0.10586	68.2142
84.9	-16.6542	0.938834	68.3872
84.95	-16.6072	1.77154	68.5607
85	-16.5186	2.6019	68.7346
85.05	-16.3886	3.42784	68.9089
85.1	-16.2172	4.24726	69.0837
85.15	-16.0048	5.05812	69.2589
85.2	-15.7519	5.85836	69.4345
85.25	-15.459	6.64596	69.6106
85.3	-15.1267	7.4189	69.7872
85.35	-14.7557	8.17524	69.9641
85.4	-14.347	8.91303	70.1415
85.45	-13.9013	9.63037	70.3194
85.5	-13.4198	10.3254	70.4977
85.55	-12.9035	10.9964	70.6764
85.6	-12.3537	11.6416	70.8556
85.65	-11.7716	12.2593	71.0353
85.7	-11.1587	12.8479	71.2154
85.75	-10.5163	13.4058	71.3959
85.8	-9.84598	13.9316	71.5769
85.85	-9.1494	14.4239	71.7583
85.9	-8.4282	14.8814	71.9402
85.95	-7.68413	15.3028	72.1226
86	-6.91899	15.687	72.3054
86.05	-6.13464	16.033	72.4886
86.1	-5.33299	16.3397	72.6724
86.15	-4.51601	16.6063	72.8565
86.2	-3.68569	16.8321	73.0412
86.25	-2.84409	17.0164	73.2263
86.3	-1.99326	17.1586	73.4119
86.35	-1.13533	17.2583	73.5979
86.4	-0.272419	17.3151	73.7844
86.45	0.593334	17.3287	73.9713
86.5	1.45977	17.299	74.1588
86.55	2.32472	17.226	74.3467
86.6	3.18602	17.1098	74.535
86.65	4.04151	16.9505	74.7239
86.7	4.88903	16.7484	74.9132
86.75	5.72645	16.504	75.103
86.8	6.55165	16.2176	75.2932
86.85	7.36253	15.8901	75.4839
86.9	8.15704	15.5219	75.6752
86.95	8.93313	15.1141	75.8668
87	9.68884	14.6674	76.059
87.05	10.4222	14.183	76.2517
87.1	11.1314	13.6619	76.4448
87.15	11.8144	13.1053	76.6384
87.2	12.4697	12.5146	76.8325
87.25	13.0954	11.8911	77.0271
87.3	13.69	11.2363	77.2221
87.35	14.2518	10.5518	77.4177
87.4	14.7794	9.83923	77.6137
87.45	15.2714	9.10026	77.8103
87.5	15.7264	8.33669	78.0073
87.55	16.1432	7.55037	78.2048
87.6	16.5207	6.74321	78.4028
87.65	16.8579	5.91717	78.6013
87.7	17.1537	5.07428	78.8003
87.75	17.4075	4.21659	78.9998
87.8	17.6183	3.34622	79.1998
87.85	17.7856	2.4653	79.4003
87.9	17.9089	1.57602	79.6013
87.95	17.9877	0.680579	79.8029
88	18.0217	-0.218804	80.0049
88.05	18.0108	-1.11989	80.2074
88.1	17.9548	-2.02043	80.4104
88.15	17.8537	-2.91817	80.6139
88.2	17.7078	-3.81085	80.818
88.25	17.5173	-4.69624	81.0225
88.3	17.2825	-5.57211	81.2276
88.35	17.0039	-6.43623	81.4331
88.4	16.6821	-7.28643	81.6392
88.45	16.3177	-8.12053	81.8458
88.5	15.9117	-8.93642	82.0529
88.55	15.4649	-9.732	82.2605
88.6	14.9783	-10.5052	82.4687
88.65	14.453	-11.2542	82.6774
88.7	13.8903	-11.9768	82.8866
88.75	13.2915	-12.6713	83.0963
88.8	12.6579	-13.3359	83.3065
88.85	11.9911	-13.9688	83.5173
88.9	11.2927	-14.5684	83.7286
88.95	10.5643	-15.133	83.9404
89	9.80761	-15.6612	84.1528
89.05	9.02455	-16.1516	84.3656
89.1	8.21697	-16.6028	84.5791
89.15	7.38683	-17.0137	84.793
89.2	6.53615	-17.383	85.0075
89.25	5.667	-17.7098	85.2225
89.3	4.78151	-17.9932	85.4381
89.35	3.88185	-18.2322	85.6542
89.4	2.97024	-18.4263	85.8708
89.45	2.04892	-18.5748	86.088
89.5	1.12018	-18.6773	86.3057
89.55	0.186318	-18.7333	86.5239
89.6	-0.750347	-18.7426	86.7428
89.65	-1.68748	-18.7051	86.9621
89.7	-2.62273	-18.6207	87.182
89.75	-3.55377	-18.4896	87.4025
89.8	-4.47825	-18.3119	87.6235
89.85	-5.39384	-18.088	87.845
89.9	-6.29824	-17.8183	88.0672
89.95	-7.18916	-17.5034	88.2898
90	-8.06432	-17.1439	88.513
90.05	-8.92152	-16.7407	88.7368
90.1	-9.75856	-16.2946	88.9612
90.15	-10.5733	-15.8067	89.1861
90.2	-11.3636	-15.278	89.4115
90.25	-12.1275	-14.7099	89.6376
90.3	-12.863	-14.1035	89.8642
90.35	-13.5682	-13.4603	90.0913
90.4	-14.2412	-12.7819	90.319
90.45	-14.8803	-12.0699	90.5473
90.5	-15.4838	-11.3258	90.7762
90.55	-16.0501	-10.5517	91.0057
90.6	-16.5777	-9.74915	91.2357
90.65	-17.0651	-8.92026	91.4663
90.7	-17.5111	-8.06701	91.6974
90.75	-17.9145	-7.19145	91.9292
90.8	-18.2741	-6.29573	92.1615
90.85	-18.5888	-5.38202	92.3944
90.9	-18.858	-4.45258	92.6279
90.95	-19.0806	-3.50968	92.8619
91	-19.2561	-2.55565	93.0966
91.05	-19.3838	-1.59285	93.3318
91.1	-19.4635	-0.623659	93.5677
91.15	-19.4947	0.349515	93.8041
91.2	-19.4772	1.32425	94.0411
91.25	-19.411	2.29811	94.2787
91.3	-19.2961	3.26866	94.5169
91.35	-19.1326	4.23346	94.7557
91.4	-18.921	5.19009	94.9951
91.45	-18.6615	6.13614	95.2351
91.5	-18.3547	7.06922	95.4757
91.55	-18.0012	7.98695	95.7169
91.6	-17.6019	8.88701	95.9586
91.65	-17.1575	9.7671	96.201
91.7	-16.6691	10.625	96.444
91.75	-16.1379	11.4584	96.6877
91.8	-15.565	12.2653	96.9319
91.85	-14.9517	13.0436	97.1767
91.9	-14.2995	13.7912	97.4221
91.95	-13.61	14.5061	97.6682
92	-12.8847	15.1866	97.9149
92.05	-12.1253	15.8309	98.1622
92.1	-11.3338	16.4371	98.4101
92.15	-10.5119	17.0038	98.6586
92.2	-9.66174	17.5294	98.9077
92.25	-8.78527	18.0125	99.1575
92.3	-7.88465	18.4518	99.4079
92.35	-6.96206	18.846	99.6589
92.4	-6.01976	19.1941	99.9106
92.45	-5.06005	19.4951	100.163
92.5	-4.0853	19.7481	100.416
92.55	-3.09789	19.9524	100.669
92.6	-2.10027	20.1073	100.923
92.65	-1.09491	20.2123	101.178
92.7	-0.0842954	20.267	101.434
92.75	0.929056	20.2712	101.69
92.8	1.94262	20.2248	101.947
92.85	2.95386	20.1277	102.204
92.9	3.96024	19.98	102.462
92.95	4.95924	19.7819	102.721
93	5.94833	19.534	102.98
93.05	6.92503	19.2366	103.24
93.1	7.88686	18.8903	103.5
93.15	8.83138	18.496	103.762
93.2	9.75618	18.0544	104.024
93.25	10.6589	17.5666	104.286
93.3	11.5372	17.0337	104.549
93.35	12.3889	16.4568	104.813
93.4	13.2117	15.8373	105.078
93.45	14.0036	15.1768	105.343
93.5	14.7625	14.4766	105.609
93.55	15.4863	13.7385	105.875
93.6	16.1732	12.9641	106.143
93.65	16.8214	12.1555	106.41
93.7	17.4292	11.3144	106.679
93.75	17.9949	10.4429	106.948
93.8	18.5171	9.5432	107.218
93.85	18.9942	8.61735	107.488
93.9	19.4251	7.66764	107.76
93.95	19.8085	6.69639	108.032
94	20.1433	5.70596	108.304
94.05	20.4286	4.6988	108.577
94.1	20.6635	3.67737	108.851
94.15	20.8474	2.64419	109.126
94.2	20.9796	1.60182	109.401
94.25	21.0597	0.552844	109.677
94.3	21.0873	-0.50014	109.954
94.35	21.0623	-1.55451	110.231
94.4	20.9846	-2.60762	110.51
94.45	20.8542	-3.65685	110.788
94.5	20.6714	-4.69956	111.068
94.55	20.4364	-5.73313	111.348
94.6	20.1497	-6.75495	111.629
94.65	19.812	-7.76244	111.91
94.7	19.4239	-8.75304	112.193
94.75	18.9862	-9.72423	112.476
94.8	18.5	-10.6735	112.759
94.85	17.9663	-11.5985	113.044
94.9	17.3864	-12.4969	113.329
94.95	16.7616	-13.3662	113.615
95	16.0933	-14.2043	113.901
95.05	15.383	-15.0089	114.188
95.1	14.6326	-15.7781	114.476
95.15	13.8437	-16.5097	114.765
95.2	13.0182	-17.2019	115.054
95.25	12.1581	-17.8528	115.345
95.3	11.2655	-18.4607	115.635
95.35	10.3424	-19.024	115.927
95.4	9.39124	-19.5411	116.219
95.45	8.41418	-20.0107	116.512
95.5	7.41365	-20.4314	116.806
95.55	6.39208	-20.8021	117.101
95.6	5.35198	-21.1217	117.396
95.65	4.29589	-21.3893	117.692
95.7	3.22643	-21.604	117.989
95.75	2.14623	-21.7654	118.286
95.8	1.05796	-21.8727	118.584
95.85	-0.0356743	-21.9256	118.883
95.9	-1.13195	-21.9238	119.183
95.95	-2.22814	-21.8672	119.484
96	-3.3215	-21.7558	119.785
96.05	-4.40929	-21.5897	120.087
96.1	-5.48878	-21.3693	120.389
96.15	-6.55724	-21.0948	120.693
96.2	-7.61198	-20.767	120.997
96.25	-8.65033	-20.3864	121.302
96.3	-9.66965	-19.9538	121.608
96.35	-10.6673	-19.4704	121.914
96.4	-11.6409	-18.937	122.222
96.45	-12.5877	-18.3549	122.53
96.5	-13.5055	-17.7256	122.839
96.55	-14.3917	-17.0503	123.148
96.6	-15.2442	-16.3307	123.459
96.65	-16.0608	-15.5685	123.77
96.7	-16.8392	-14.7654	124.082
96.75	-17.5775	-13.9235	124.394
96.8	-18.2737	-13.0446	124.708
96.85	-18.9259	-12.1309	125.022
96.9	-19.5324	-11.1846	125.337
96.95	-20.0917	-10.208	125.653
97	-20.6021	-9.20343	125.97
97.05	-21.0622	-8.17333	126.287
97.1	-21.4709	-7.12022	126.605
97.15	-21.8269	-6.04667	126.924
97.2	-22.1292	-4.95533	127.244
97.25	-22.377	-3.84887	127.565
97.3	-22.5695	-2.73001	127.886
97.35	-22.706	-1.60154	128.208
97.4	-22.786	-0.466244	128.531
97.45	-22.8093	0.673057	128.855
97.5	-22.7757	1.81352	129.18
97.55	-22.685	2.95231	129.505
97.6	-22.5374	4.08656	129.831
97.65	-22.3331	5.21343	130.159
97.7	-22.0724	6.33008	130.486
97.75	-21.7559	7.4337	130.815
97.8	-21.3842	8.5215	131.145
97.85	-20.9581	9.59071	131.475
97.9	-20.4786	10.6386	131.806
97.95	-19.9467	11.6625	132.138
98	-19.3635	12.6599	132.471
98.05	-18.7305	13.6281	132.805
98.1	-18.0491	14.5646	133.139
98.15	-17.3209	15.467	133.475
98.2	-16.5476	16.3331	133.811
98.25	-15.7309	17.1605	134.148
98.3	-14.8729	17.947	134.486
98.35	-13.9755	18.6907	134.824
98.4	-13.041	19.3894	135.164
98.45	-12.0715	20.0415	135.504
98.5	-11.0695	20.6451	135.846
98.55	-10.0372	21.1985	136.188
98.6	-8.97728	21.7004	136.531
98.65	-7.89226	22.1493	136.875
98.7	-6.7848	22.5439	137.219
98.75	-5.6576	22.8831	137.565
98.8	-4.51345	23.166	137.911
98.85	-3.35515	23.3917	138.259
98.9	-2.18556	23.5594	138.607
98.95	-1.00759	23.6687	138.956
99	0.175841	23.7191	139.306
99.05	1.36179	23.7103	139.656
99.1	2.54731	23.6422	140.008
99.15	3.72942	23.5148	140.361
99.2	4.90516	23.3284	140.714
99.25	6.07158	23.0831	141.068
99.3	7.22573	22.7795	141.423
99.35	8.36471	22.4182	141.779
99.4	9.48562	22	142.136
99.45	10.5856	21.5257	142.494
99.5	11.6619	20.9964	142.853
99.55	12.7117	20.4133	143.213
99.6	13.7324	19.7778	143.573
99.65	14.7213	19.0911	143.935
99.7	15.6758	18.3551	144.297
99.75	16.5936	17.5713	144.66
99.8	17.4722	16.7416	145.024
99.85	18.3092	15.868	145.389
99.9	19.1026	14.9525	145.755
99.95	19.8503	13.9974	146.122
100	20.5501	13.0049	146.49
