0	1.9975	-0.0999375	0
0.05	1.99001	-0.199625	-1.56152e-06
0.1	1.97754	-0.298814	-6.23049e-06
0.15	1.96012	-0.397255	-1.39602e-05
0.2	1.93781	-0.494704	-2.46735e-05
0.25	1.91065	-0.590915	-3.82633e-05
0.3	1.87872	-0.68565	-5.45937e-05
0.35	1.84209	-0.77867	-7.35015e-05
0.4	1.80085	-0.869744	-9.47978e-05
0.45	1.75512	-0.958643	-0.00011827
0.5	1.70499	-1.04515	-0.000143683
0.55	1.6506	-1.12904	-0.000170783
0.6	1.59209	-1.2101	-0.0001993
0.65	1.52959	-1.28814	-0.000228947
0.7	1.46327	-1.36297	-0.00025943
0.75	1.39329	-1.43438	-0.000290443
0.8	1.31983	-1.50221	-0.000321677
0.85	1.24307	-1.56628	-0.000352819
0.9	1.16321	-1.62644	-0.000383558
0.95	1.08043	-1.68253	-0.000413587
1	0.994952	-1.73441	-0.000442605
1.05	0.906988	-1.78196	-0.000470323
1.1	0.816756	-1.82506	-0.000496465
1.15	0.724482	-1.86359	-0.000520767
1.2	0.630398	-1.89746	-0.000542988
1.25	0.534737	-1.92659	-0.000562906
1.3	0.437739	-1.9509	-0.000580321
1.35	0.339647	-1.97033	-0.00059506
1.4	0.240706	-1.98484	-0.000606975
1.45	0.141163	-1.99439	-0.000615947
1.5	0.0412667	-1.99895	-0.000621886
1.55	-0.0587323	-1.99851	-0.000624734
1.6	-0.158585	-1.99308	-0.000624461
1.65	-0.25804	-1.98266	-0.00062107
1.7	-0.356851	-1.96729	-0.000614596
1.75	-0.454769	-1.947	-0.000605103
1.8	-0.551551	-1.92184	-0.000592685
1.85	-0.646954	-1.89188	-0.000577467
1.9	-0.740739	-1.85719	-0.000559602
1.95	-0.832673	-1.81785	-0.000539266
2	-0.922524	-1.77397	-0.000516665
2.05	-1.01007	-1.72566	-0.000492023
2.1	-1.09509	-1.67303	-0.000465587
2.15	-1.17737	-1.61622	-0.000437621
2.2	-1.25671	-1.55537	-0.000408405
2.25	-1.33291	-1.49062	-0.00037823
2.3	-1.40577	-1.42216	-0.000347399
2.35	-1.47513	-1.35014	-0.000316218
2.4	-1.54079	-1.27474	-0.000285001
2.45	-1.6026	-1.19615	-0.000254058
2.5	-1.6604	-1.11458	-0.000223699
2.55	-1.71406	-1.03022	-0.000194228
2.6	-1.76342	-0.943279	-0.000165939
2.65	-1.80838	-0.853984	-0.000139114
2.7	-1.84882	-0.762554	-0.000114023
2.75	-1.88464	-0.669217	-9.09144e-05
2.8	-1.91575	-0.574208	-7.00206e-05
2.85	-1.94206	-0.477762	-5.15501e-05
2.9	-1.96352	-0.380123	-3.56875e-05
2.95	-1.98007	-0.281533	-2.25912e-05
3	-1.99167	-0.182239	-1.23923e-05
3.05	-1.9983	-0.0824901	-5.19249e-06
3.1	-1.99992	0.0174654	-1.06389e-06
3.15	-1.99655	0.117377	-4.76926e-08
3.2	-1.98819	0.216996	-2.15407e-06
3.25	-1.97485	0.316072	-7.36197e-06
3.3	-1.95658	0.414357	-1.56193e-05
3.35	-1.93342	0.511607	-2.68437e-05
3.4	-1.90542	0.607578	-4.09228e-05
3.45	-1.87266	0.70203	-5.77159e-05
3.5	-1.83522	0.794727	-7.70554e-05
3.55	-1.79318	0.885437	-9.87478e-05
3.6	-1.74667	0.973933	-0.000122576
3.65	-1.69579	1.05999	-0.000148303
3.7	-1.64067	1.14341	-0.000175671
3.75	-1.58145	1.22396	-0.000204406
3.8	-1.51828	1.30145	-0.000234221
3.85	-1.45131	1.37569	-0.000264818
3.9	-1.38071	1.44649	-0.000295893
3.95	-1.30666	1.51368	-0.000327133
4	-1.22934	1.57708	-0.000358226
4.05	-1.14895	1.63653	-0.000388863
4.1	-1.06569	1.6919	-0.000418737
4.15	-0.979759	1.74304	-0.000447549
4.2	-0.891382	1.78981	-0.000475011
4.25	-0.800777	1.83212	-0.00050085
4.3	-0.70817	1.86984	-0.000524806
4.35	-0.613793	1.90289	-0.00054664
4.4	-0.517881	1.93118	-0.000566134
4.45	-0.420675	1.95465	-0.000583094
4.5	-0.322417	1.97322	-0.000597349
4.55	-0.223352	1.98687	-0.000608757
4.6	-0.12373	1.99555	-0.000617205
4.65	-0.023798	1.99923	-0.000622608
4.7	0.0761935	1.99792	-0.000624912
4.75	0.175994	1.99162	-0.000624093
4.8	0.275355	1.98034	-0.00062016
4.85	0.374028	1.9641	-0.000613153
4.9	0.471765	1.94296	-0.000603141
4.95	0.568323	1.91695	-0.000590225
5	0.663461	1.88616	-0.000574533
5.05	0.756939	1.85065	-0.000556222
5.1	0.848526	1.81051	-0.000535475
5.15	0.937991	1.76585	-0.000512501
5.2	1.02511	1.71677	-0.000487527
5.25	1.10967	1.6634	-0.000460804
5.3	1.19145	1.60587	-0.0004326
5.35	1.27026	1.54433	-0.000403195
5.4	1.34588	1.47893	-0.000372883
5.45	1.41815	1.40983	-0.000341968
5.5	1.48687	1.3372	-0.000310759
5.55	1.55187	1.26123	-0.000279567
5.6	1.61299	1.18211	-0.000248704
5.65	1.67008	1.10004	-0.000218479
5.7	1.72299	1.01521	-0.000189193
5.75	1.7716	0.927844	-0.00016114
5.8	1.81578	0.838159	-0.000134599
5.85	1.85542	0.746379	-0.000109836
5.9	1.89042	0.652734	-8.70986e-05
5.95	1.92069	0.557456	-6.66137e-05
6	1.94616	0.460785	-4.85862e-05
6.05	1.96677	0.362962	-3.31962e-05
6.1	1.98246	0.264231	-2.05974e-05
6.15	1.99319	0.16484	-1.09159e-05
6.2	1.99894	0.0650364	-4.2483e-06
6.25	1.99969	-0.0349296	-6.61308e-07
6.3	1.99545	-0.134808	-1.90756e-07
6.35	1.98621	-0.23435	-2.84134e-06
6.4	1.97201	-0.333305	-8.58658e-06
6.45	1.95288	-0.431428	-1.73691e-05
6.5	1.92887	-0.528472	-2.9101e-05
6.55	1.90004	-0.624194	-4.36652e-05
6.6	1.86645	-0.718357	-6.0916e-05
6.65	1.8282	-0.810723	-8.06811e-05
6.7	1.78538	-0.901062	-0.000102763
6.75	1.73809	-0.989149	-0.000126941
6.8	1.68646	-1.07476	-0.000152973
6.85	1.63062	-1.15769	-0.0001806
6.9	1.5707	-1.23772	-0.000209545
6.95	1.50685	-1.31466	-0.000239518
7	1.43923	-1.38831	-0.000270221
7.05	1.36801	-1.45849	-0.000301347
7.1	1.29338	-1.52503	-0.000332584
7.15	1.21551	-1.58775	-0.00036362
7.2	1.1346	-1.6465	-0.000394146
7.25	1.05086	-1.70114	-0.000423855
7.3	0.96449	-1.75152	-0.000452452
7.35	0.875708	-1.79753	-0.00047965
7.4	0.784737	-1.83904	-0.000505177
7.45	0.691804	-1.87595	-0.000528779
7.5	0.597142	-1.90818	-0.00055022
7.55	0.500987	-1.93563	-0.000569285
7.6	0.403579	-1.95825	-0.000585783
7.65	0.305162	-1.97596	-0.000599551
7.7	0.205982	-1.98874	-0.000610449
7.75	0.106288	-1.99655	-0.000618371
7.8	0.00632738	-1.99936	-0.000623235
7.85	-0.0936488	-1.99718	-0.000624994
7.9	-0.193391	-1.99001	-0.00062363
7.95	-0.292649	-1.97785	-0.000619156
8	-0.391176	-1.96076	-0.000611618
8.05	-0.488725	-1.93876	-0.000601091
8.1	-0.585052	-1.91192	-0.000587679
8.15	-0.679917	-1.88029	-0.000571518
8.2	-0.773082	-1.84397	-0.000552768
8.25	-0.864314	-1.80303	-0.000531616
8.3	-0.953385	-1.75759	-0.000508275
8.35	-1.04007	-1.70775	-0.000482978
8.4	-1.12416	-1.65365	-0.000455976
8.45	-1.20544	-1.59541	-0.000427541
8.5	-1.2837	-1.53318	-0.000397956
8.55	-1.35876	-1.46712	-0.000367517
8.6	-1.43041	-1.39739	-0.000336529
8.65	-1.49849	-1.32417	-0.0003053
8.7	-1.56283	-1.24763	-0.000274143
8.75	-1.62326	-1.16798	-0.000243369
8.8	-1.67963	-1.08541	-0.000213286
8.85	-1.7318	-1.00012	-0.000184195
8.9	-1.77964	-0.912338	-0.000156386
8.95	-1.82303	-0.822271	-0.000130138
9	-1.86187	-0.730148	-0.000105711
9.05	-1.89605	-0.6362	-8.33515e-05
9.1	-1.92549	-0.540662	-6.32819e-05
9.15	-1.95011	-0.443772	-4.57028e-05
9.2	-1.96986	-0.345772	-3.07901e-05
9.25	-1.98469	-0.246909	-1.86927e-05
9.3	-1.99456	-0.147427	-9.53156e-06
9.35	-1.99943	-0.0475777	-3.39819e-06
9.4	-1.99931	0.052391	-3.53914e-07
9.45	-1.99419	0.152229	-4.29146e-07
9.5	-1.98409	0.251686	-3.62314e-06
9.55	-1.96903	0.350514	-9.90396e-06
9.6	-1.94904	0.448465	-1.92089e-05
9.65	-1.92418	0.545296	-3.14448e-05
9.7	-1.89451	0.640763	-4.64896e-05
9.75	-1.8601	0.734628	-6.41928e-05
9.8	-1.82105	0.826657	-8.43776e-05
9.85	-1.77744	0.916619	-0.000106842
9.9	-1.72938	1.00429	-0.000131362
9.95	-1.67701	1.08945	-0.000157692
10	-1.62044	1.17189	-0.000185569
10.05	-1.55982	1.25139	-0.000214715
10.1	-1.4953	1.32777	-0.000244838
10.15	-1.42704	1.40083	-0.000275637
10.2	-1.35522	1.47039	-0.000306804
10.25	-1.28	1.53627	-0.000338029
10.3	-1.20159	1.59831	-0.000368998
10.35	-1.12017	1.65635	-0.000399403
10.4	-1.03596	1.71025	-0.000428939
10.45	-0.949148	1.75988	-0.000457312
10.5	-0.859968	1.80511	-0.000484237
10.55	-0.768638	1.84582	-0.000509446
10.6	-0.675386	1.88192	-0.000532687
10.65	-0.580445	1.91332	-0.000553727
10.7	-0.484054	1.93993	-0.000572357
10.75	-0.386452	1.9617	-0.000588389
10.8	-0.287884	1.97855	-0.000601665
10.85	-0.188596	1.99047	-0.00061205
10.9	-0.0888374	1.9974	-0.000619442
10.95	0.0111437	1.99934	-0.000623767
11	0.111097	1.99629	-0.000624981
11.05	0.210772	1.98824	-0.000623071
11.1	0.309921	1.97522	-0.000618059
11.15	0.408295	1.95727	-0.000609992
11.2	0.505648	1.93442	-0.000598952
11.25	0.601737	1.90674	-0.00058505
11.3	0.696321	1.87428	-0.000568424
11.35	0.789165	1.83715	-0.00054924
11.4	0.880036	1.79542	-0.00052769
11.45	0.968707	1.7492	-0.00050399
11.5	1.05496	1.69861	-0.000478376
11.55	1.13857	1.64377	-0.000451104
11.6	1.21933	1.58482	-0.000422448
11.65	1.29705	1.52191	-0.000392692
11.7	1.37152	1.4552	-0.000362135
11.75	1.44257	1.38484	-0.000331082
11.8	1.51001	1.31103	-0.000299843
11.85	1.57367	1.23394	-0.00026873
11.9	1.6334	1.15376	-0.000238056
11.95	1.68905	1.0707	-0.000208125
12	1.74047	0.984962	-0.000179237
12.05	1.78754	0.896762	-0.000151681
12.1	1.83015	0.806319	-0.000125732
12.15	1.86818	0.713861	-0.00010165
12.2	1.90153	0.619618	-7.96744e-05
12.25	1.93014	0.523827	-6.00261e-05
12.3	1.95392	0.426725	-4.29009e-05
12.35	1.97281	0.328557	-2.847e-05
12.4	1.98677	0.229567	-1.68777e-05
12.45	1.99577	0.130004	-8.23971e-06
12.5	1.99977	0.0301154	-2.64243e-06
12.55	1.99878	-0.0698485	-1.41797e-07
12.6	1.99279	-0.169638	-7.6279e-07
12.65	1.98182	-0.269003	-4.49921e-06
12.7	1.96589	-0.367695	-1.13137e-05
12.75	1.94505	-0.465469	-2.11382e-05
12.8	1.91934	-0.562078	-3.38745e-05
12.85	1.88884	-0.657283	-4.93953e-05
12.9	1.85361	-0.750844	-6.75454e-05
12.95	1.81375	-0.842528	-8.81437e-05
13	1.76936	-0.932106	-0.000110984
13.05	1.72054	-1.01935	-0.000135838
13.1	1.66742	-1.10405	-0.000162458
13.15	1.61014	-1.18599	-0.000190577
13.2	1.54883	-1.26497	-0.000219915
13.25	1.48364	-1.34078	-0.000250178
13.3	1.41475	-1.41324	-0.000281064
13.35	1.34232	-1.48216	-0.000312264
13.4	1.26653	-1.54739	-0.000343466
13.45	1.18758	-1.60874	-0.000374359
13.5	1.10566	-1.66607	-0.000404634
13.55	1.02097	-1.71923	-0.000433988
13.6	0.933734	-1.7681	-0.000462128
13.65	0.844162	-1.81255	-0.000488772
13.7	0.752479	-1.85247	-0.000513655
13.75	0.658915	-1.88775	-0.000536527
13.8	0.563704	-1.91832	-0.000557161
13.85	0.467084	-1.94409	-0.00057535
13.9	0.369295	-1.965	-0.000590911
13.95	0.270584	-1.98099	-0.000603691
14	0.171196	-1.99204	-0.00061356
14.05	0.0713804	-1.9981	-0.000620421
14.1	-0.0286139	-1.99917	-0.000624204
14.15	-0.128537	-1.99524	-0.000624872
14.2	-0.228138	-1.98632	-0.000622418
14.25	-0.327169	-1.97244	-0.000616868
14.3	-0.425382	-1.95363	-0.000608275
14.35	-0.522532	-1.92993	-0.000596727
14.4	-0.618375	-1.90141	-0.000582338
14.45	-0.712673	-1.86813	-0.000565252
14.5	-0.805188	-1.83018	-0.00054564
14.55	-0.895691	-1.78766	-0.000523699
14.6	-0.983955	-1.74067	-0.000499646
14.65	-1.06976	-1.68933	-0.000473724
14.7	-1.15289	-1.63376	-0.00044619
14.75	-1.23313	-1.57411	-0.00041732
14.8	-1.3103	-1.51053	-0.000387403
14.85	-1.38419	-1.44316	-0.000356737
14.9	-1.45462	-1.37219	-0.000325629
14.95	-1.52141	-1.29779	-0.00029439
15	-1.58439	-1.22015	-0.000263332
15.05	-1.64342	-1.13945	-0.000232765
15.1	-1.69834	-1.05591	-0.000202995
15.15	-1.74901	-0.969725	-0.000174319
15.2	-1.79531	-0.881117	-0.000147024
15.25	-1.83712	-0.790306	-0.000121383
15.3	-1.87434	-0.69752	-9.76523e-05
15.35	-1.90688	-0.602989	-7.60684e-05
15.4	-1.93464	-0.506951	-5.68474e-05
15.45	-1.95757	-0.409646	-4.01813e-05
15.5	-1.97561	-0.311316	-2.62367e-05
15.55	-1.9887	-0.212209	-1.51529e-05
15.6	-1.99683	-0.11257	-7.04073e-06
15.65	-1.99996	-0.0126507	-1.98125e-06
15.7	-1.99809	0.0873006	-2.50221e-08
15.75	-1.99123	0.187034	-1.19159e-06
15.8	-1.97939	0.286299	-5.46929e-06
15.85	-1.9626	0.384849	-1.28154e-05
15.9	-1.9409	0.482436	-2.31564e-05
15.95	-1.91436	0.578818	-3.63891e-05
16	-1.88302	0.673752	-5.23812e-05
16.05	-1.84698	0.767003	-7.09728e-05
16.1	-1.80632	0.858335	-9.19782e-05
16.15	-1.76115	0.947522	-0.000115187
16.2	-1.71157	1.03434	-0.000140369
16.25	-1.65771	1.11857	-0.00016727
16.3	-1.59971	1.20001	-0.000195623
16.35	-1.53771	1.27844	-0.000225144
16.4	-1.47187	1.35368	-0.000255537
16.45	-1.40234	1.42554	-0.0002865
16.5	-1.32931	1.49383	-0.000317723
16.55	-1.25296	1.55839	-0.000348894
16.6	-1.17348	1.61905	-0.000379701
16.65	-1.09106	1.67566	-0.000409837
16.7	-1.00591	1.72808	-0.000438999
16.75	-0.918248	1.77619	-0.000466898
16.8	-0.828291	1.81985	-0.000493253
16.85	-0.736263	1.85897	-0.000517802
16.9	-0.642395	1.89343	-0.000540299
16.95	-0.54692	1.92317	-0.00056052
17	-0.450078	1.94809	-0.000578262
17.05	-0.352111	1.96815	-0.000593348
17.1	-0.253263	1.98328	-0.000605628
17.15	-0.153783	1.99346	-0.000614978
17.2	-0.0539179	1.99865	-0.000621305
17.25	0.0460819	1.99884	-0.000624546
17.3	0.145967	1.99404	-0.000624668
17.35	0.245486	1.98426	-0.000621671
17.4	0.344392	1.96951	-0.000615584
17.45	0.442437	1.94984	-0.000606468
17.5	0.539376	1.92529	-0.000594414
17.55	0.634967	1.89593	-0.000579543
17.6	0.72897	1.86184	-0.000562003
17.65	0.82115	1.82308	-0.000541969
17.7	0.911278	1.77977	-0.000519643
17.75	0.999127	1.73201	-0.000495246
17.8	1.08448	1.67992	-0.000469023
17.85	1.16712	1.62363	-0.000441235
17.9	1.24684	1.56328	-0.000412161
17.95	1.32345	1.49903	-0.000382091
18	1.39675	1.43102	-0.000351326
18.05	1.46655	1.35944	-0.000320172
18.1	1.53269	1.28446	-0.000288942
18.15	1.595	1.20627	-0.000257948
18.2	1.65332	1.12506	-0.000227498
18.25	1.7075	1.04104	-0.000197898
18.3	1.75742	0.954415	-0.000169443
18.35	1.80294	0.865406	-0.000142418
18.4	1.84396	0.774233	-0.000117093
18.45	1.88037	0.681125	-9.37206e-05
18.5	1.91207	0.586314	-7.25346e-05
18.55	1.939	0.490037	-5.37467e-05
18.6	1.96108	0.392535	-3.75448e-05
18.65	1.97825	0.294052	-2.40907e-05
18.7	1.99048	0.194834	-1.35189e-05
18.75	1.99773	0.0951284	-5.93499e-06
18.8	1.99999	-0.00481484	-1.41485e-06
18.85	1.99725	-0.104746	-3.62455e-09
18.9	1.98952	-0.204415	-1.7154e-06
18.95	1.97681	-0.303574	-6.53309e-06
19	1.95916	-0.401973	-1.44085e-05
19.05	1.93661	-0.499367	-2.5263e-05
19.1	1.90923	-0.595513	-3.89881e-05
19.15	1.87706	-0.690171	-5.54466e-05
19.2	1.84021	-0.783102	-7.4474e-05
19.25	1.79875	-0.874076	-9.58801e-05
19.3	1.7528	-0.962865	-0.000119451
19.35	1.70247	-1.04925	-0.000144951
19.4	1.64788	-1.13301	-0.000172126
19.45	1.58917	-1.21393	-0.000200704
19.5	1.52648	-1.29182	-0.000230399
19.55	1.45998	-1.36648	-0.000260914
19.6	1.38983	-1.43773	-0.000291945
19.65	1.31621	-1.50538	-0.000323181
19.7	1.2393	-1.56927	-0.000354311
19.75	1.15928	-1.62923	-0.000385023
19.8	1.07637	-1.68512	-0.00041501
19.85	0.990771	-1.7368	-0.000443972
19.9	0.902693	-1.78414	-0.000471621
19.95	0.812357	-1.82702	-0.000497679
20	0.719991	-1.86532	-0.000521887
20.05	0.625825	-1.89897	-0.000544002
20.1	0.530094	-1.92787	-0.000563804
20.15	0.433038	-1.95195	-0.000581094
20.2	0.334899	-1.97114	-0.0005957
20.25	0.235924	-1.98542	-0.000607475
20.3	0.136358	-1.99472	-0.000616303
20.35	0.0364513	-1.99904	-0.000622095
20.4	-0.0635464	-1.99837	-0.000624792
20.45	-0.163385	-1.99269	-0.000624369
20.5	-0.262816	-1.98204	-0.000620829
20.55	-0.361589	-1.96643	-0.000614207
20.6	-0.459458	-1.9459	-0.000604571
20.65	-0.556179	-1.92051	-0.000592015
20.7	-0.651509	-1.89032	-0.000576666
20.75	-0.745211	-1.8554	-0.000558677
20.8	-0.837049	-1.81584	-0.000538228
20.85	-0.926795	-1.77175	-0.000515523
20.9	-1.01422	-1.72322	-0.000490789
20.95	-1.09912	-1.67039	-0.000464273
21	-1.18126	-1.61338	-0.000436241
21.05	-1.26046	-1.55234	-0.000406972
21.1	-1.3365	-1.48741	-0.000376758
21.15	-1.4092	-1.41877	-0.000345903
21.2	-1.47837	-1.34658	-0.000314713
21.25	-1.54385	-1.27102	-0.000283502
21.3	-1.60548	-1.19229	-0.00025258
21.35	-1.66308	-1.11058	-0.000222257
21.4	-1.71653	-1.02609	-0.000192836
21.45	-1.76569	-0.939031	-0.000164611
21.5	-1.81044	-0.849628	-0.000137864
21.55	-1.85065	-0.758101	-0.000112862
21.6	-1.88625	-0.664678	-8.98557e-05
21.65	-1.91712	-0.569594	-6.9074e-05
21.7	-1.94321	-0.473086	-5.0725e-05
21.75	-1.96443	-0.375395	-3.49922e-05
21.8	-1.98075	-0.276765	-2.20327e-05
21.85	-1.99211	-0.177444	-1.19761e-05
21.9	-1.99849	-0.0776791	-4.92283e-06
21.95	-1.99988	0.02228	-9.43409e-07
22	-1.99626	0.122183	-7.76111e-08
22.05	-1.98766	0.221781	-2.33408e-06
22.1	-1.97408	0.320825	-7.69028e-06
22.15	-1.95557	0.419066	-1.60927e-05
22.2	-1.93218	0.51626	-2.74573e-05
22.25	-1.90395	0.612163	-4.16705e-05
22.3	-1.87096	0.706536	-5.85904e-05
22.35	-1.8333	0.799143	-7.80477e-05
22.4	-1.79105	0.889751	-9.98482e-05
22.45	-1.74432	0.978135	-0.000123774
22.5	-1.69323	1.06407	-0.000149585
22.55	-1.63791	1.14735	-0.000177025
22.6	-1.5785	1.22776	-0.000205819
22.65	-1.51514	1.3051	-0.000235679
22.7	-1.44799	1.37918	-0.000266306
22.75	-1.37722	1.44981	-0.000297396
22.8	-1.30301	1.51682	-0.000328636
22.85	-1.22554	1.58003	-0.000359715
22.9	-1.145	1.63929	-0.000390322
22.95	-1.06161	1.69446	-0.000420151
23	-0.975557	1.74539	-0.000448905
23.05	-0.887068	1.79195	-0.000476295
23.1	-0.796362	1.83404	-0.000502048
23.15	-0.703664	1.87154	-0.000525908
23.2	-0.609207	1.90436	-0.000547634
23.25	-0.513228	1.93242	-0.00056701
23.3	-0.415965	1.95565	-0.000583843
23.35	-0.317662	1.97399	-0.000597965
23.4	-0.218566	1.9874	-0.000609233
23.45	-0.118922	1.99584	-0.000617536
23.5	-0.0189819	1.99928	-0.00062279
23.55	0.0810061	1.99773	-0.000624944
23.6	0.180792	1.99119	-0.000623975
23.65	0.280125	1.97967	-0.000619893
23.7	0.378758	1.96319	-0.000612739
23.75	0.476444	1.94181	-0.000602585
23.8	0.57294	1.91558	-0.000589531
23.85	0.668002	1.88456	-0.000573709
23.9	0.761395	1.84882	-0.000555277
23.95	0.852885	1.80846	-0.000534418
24	0.942242	1.76359	-0.000511342
24.05	1.02924	1.7143	-0.000486278
24.1	1.11367	1.66073	-0.000459478
24.15	1.19532	1.603	-0.000431209
24.2	1.27397	1.54127	-0.000401753
24.25	1.34944	1.47568	-0.000371406
24.3	1.42154	1.40641	-0.000340469
24.35	1.49008	1.33362	-0.000309254
24.4	1.5549	1.25749	-0.00027807
24.45	1.61583	1.17823	-0.000247231
24.5	1.67272	1.09601	-0.000217044
24.55	1.72543	1.01106	-0.000187811
24.6	1.77383	0.923576	-0.000159825
24.65	1.81779	0.833786	-0.000133363
24.7	1.85721	0.741911	-0.000108693
24.75	1.89198	0.648181	-8.60587e-05
24.8	1.92203	0.552831	-6.56877e-05
24.85	1.94727	0.456098	-4.77832e-05
24.9	1.96764	0.358226	-3.25243e-05
24.95	1.98309	0.259458	-2.00634e-05
25	1.99358	0.160041	-1.0525e-05
25.05	1.99909	0.0602239	-4.00454e-06
25.1	1.9996	-0.0397436	-5.6706e-07
25.15	1.99512	-0.139612	-2.46959e-07
25.2	1.98564	-0.239131	-3.04744e-06
25.25	1.97121	-0.338052	-8.94051e-06
25.3	1.95184	-0.436128	-1.78673e-05
25.35	1.92759	-0.533114	-2.97385e-05
25.4	1.89853	-0.628767	-4.44356e-05
25.45	1.86472	-0.722848	-6.18117e-05
25.5	1.82624	-0.815122	-8.16931e-05
25.55	1.7832	-0.905358	-0.000103881
25.6	1.73571	-0.993331	-0.000128154
25.65	1.68387	-1.07882	-0.000154269
25.7	1.62782	-1.16161	-0.000181966
25.75	1.56771	-1.2415	-0.000210967
25.8	1.50367	-1.31829	-0.000240983
25.85	1.43588	-1.39177	-0.000271713
25.9	1.3645	-1.46178	-0.000302851
25.95	1.2897	-1.52814	-0.000334086
26	1.21168	-1.59067	-0.000365104
26.05	1.13063	-1.64923	-0.000395597
26.1	1.04676	-1.70367	-0.00042526
26.15	0.960268	-1.75384	-0.000453796
26.2	0.871376	-1.79963	-0.00048092
26.25	0.780305	-1.84092	-0.00050636
26.3	0.687283	-1.87761	-0.000529863
26.35	0.592544	-1.90961	-0.000551194
26.4	0.496322	-1.93683	-0.000570139
26.45	0.39886	-1.95921	-0.00058651
26.5	0.300401	-1.97669	-0.000600142
26.55	0.201191	-1.98923	-0.0006109
26.6	0.101478	-1.9968	-0.000618675
26.65	0.00151105	-1.99937	-0.000623391
26.7	-0.0984596	-1.99695	-0.000625
26.75	-0.198184	-1.98953	-0.000623485
26.8	-0.297413	-1.97714	-0.000618863
26.85	-0.395898	-1.95981	-0.000611179
26.9	-0.493394	-1.93758	-0.00060051
26.95	-0.589656	-1.9105	-0.000586963
27	-0.684445	-1.87865	-0.000570673
27.05	-0.777521	-1.8421	-0.000551802
27.1	-0.868655	-1.80095	-0.000530541
27.15	-0.957616	-1.75529	-0.0005071
27.2	-1.04418	-1.70525	-0.000481714
27.25	-1.12814	-1.65094	-0.000454638
27.3	-1.20928	-1.5925	-0.00042614
27.35	-1.28739	-1.53009	-0.000396508
27.4	-1.36229	-1.46384	-0.000366035
27.45	-1.43378	-1.39394	-0.000335028
27.5	-1.50168	-1.32056	-0.000303795
27.55	-1.56583	-1.24387	-0.00027265
27.6	-1.62607	-1.16407	-0.000241902
27.65	-1.68224	-1.08136	-0.00021186
27.7	-1.7342	-0.995951	-0.000182824
27.75	-1.78183	-0.908051	-0.000155084
27.8	-1.82501	-0.817879	-0.000128917
27.85	-1.86362	-0.725664	-0.000104585
27.9	-1.89757	-0.631634	-8.23308e-05
27.95	-1.92678	-0.536025	-6.23767e-05
28	-1.95118	-0.439076	-4.49222e-05
28.05	-1.97069	-0.341029	-3.01419e-05
28.1	-1.98528	-0.24213	-1.81834e-05
28.15	-1.9949	-0.142625	-9.16618e-06
28.2	-1.99954	-0.0427641	-3.18042e-06
28.25	-1.99918	0.057204	-2.85923e-07
28.3	-1.99382	0.157029	-5.11617e-07
28.35	-1.98348	0.256462	-3.85524e-06
28.4	-1.96818	0.355253	-1.02834e-05
28.45	-1.94795	0.453156	-1.97318e-05
28.5	-1.92286	0.549927	-3.21061e-05
28.55	-1.89296	0.645322	-4.72826e-05
28.6	-1.85833	0.739104	-6.51095e-05
28.65	-1.81905	0.831039	-8.54089e-05
28.7	-1.77522	0.920896	-0.000107978
28.75	-1.72696	1.00845	-0.00013259
28.8	-1.67438	1.09348	-0.000159001
28.85	-1.61761	1.17578	-0.000186946
28.9	-1.5568	1.25514	-0.000216146
28.95	-1.4921	1.33137	-0.000246308
29	-1.42366	1.40426	-0.000277132
29.05	-1.35167	1.47364	-0.000308309
29.1	-1.2763	1.53934	-0.000339529
29.15	-1.19774	1.60119	-0.000370478
29.2	-1.11618	1.65904	-0.000400848
29.25	-1.03183	1.71274	-0.000430335
29.3	-0.944906	1.76216	-0.000458644
29.35	-0.855617	1.80717	-0.000485493
29.4	-0.764189	1.84767	-0.000510612
29.45	-0.67085	1.88354	-0.000533752
29.5	-0.575834	1.91471	-0.000554681
29.55	-0.479379	1.94109	-0.00057319
29.6	-0.381725	1.96262	-0.000589093
29.65	-0.283117	1.97924	-0.000602232
29.7	-0.183801	1.99091	-0.000612476
29.75	-0.0840256	1.99761	-0.000619721
29.8	0.0159599	1.99931	-0.000623897
29.85	0.115906	1.99601	-0.00062496
29.9	0.215561	1.98773	-0.000622901
29.95	0.314678	1.97447	-0.00061774
30	0.413009	1.95628	-0.000609528
30.05	0.510306	1.9332	-0.000598347
30.1	0.606328	1.90528	-0.000584311
30.15	0.700834	1.8726	-0.000567557
30.2	0.793588	1.83524	-0.000548255
30.25	0.884359	1.79329	-0.000526596
30.3	0.972918	1.74686	-0.000502798
30.35	1.05904	1.69606	-0.000477099
30.4	1.14252	1.64102	-0.000449754
30.45	1.22315	1.58188	-0.000421037
30.5	1.30071	1.51878	-0.000391236
30.55	1.37503	1.45189	-0.000360648
30.6	1.4459	1.38137	-0.000329579
30.65	1.51316	1.30739	-0.000298339
30.7	1.57664	1.23015	-0.000267241
30.75	1.63618	1.14983	-0.000236595
30.8	1.69162	1.06663	-0.000206707
30.85	1.74284	0.980769	-0.000177877
30.9	1.7897	0.892456	-0.000150392
30.95	1.83209	0.801911	-0.000124527
31	1.86989	0.709362	-0.000100541
31.05	1.90302	0.615039	-7.86732e-05
31.1	1.93139	0.519178	-5.91421e-05
31.15	1.95494	0.42202	-4.21429e-05
31.2	1.9736	0.323807	-2.78457e-05
31.25	1.98732	0.224784	-1.63932e-05
31.3	1.99608	0.125199	-7.89989e-06
31.35	1.99984	0.025301	-2.45071e-06
31.4	1.99861	-0.0746601	-1.00084e-07
31.45	1.99237	-0.174435	-8.71504e-07
31.5	1.98116	-0.273773	-4.75726e-06
31.55	1.965	-0.372427	-1.17185e-05
31.6	1.94392	-0.47015	-2.16857e-05
31.65	1.91798	-0.566697	-3.45592e-05
31.7	1.88725	-0.661828	-5.02104e-05
31.75	1.8518	-0.755304	-6.84829e-05
31.8	1.81172	-0.846892	-8.9194e-05
31.85	1.76711	-0.936363	-0.000112137
31.9	1.71808	-1.02349	-0.000137082
31.95	1.66476	-1.10806	-0.00016378
32	1.60728	-1.18986	-0.000191965
32.05	1.54577	-1.26869	-0.000221354
32.1	1.48041	-1.34435	-0.000251654
32.15	1.41134	-1.41664	-0.000282562
32.2	1.33874	-1.48539	-0.000313769
32.25	1.2628	-1.55043	-0.000344964
32.3	1.1837	-1.61159	-0.000375834
32.35	1.10164	-1.66873	-0.000406071
32.4	1.01683	-1.72169	-0.000435373
32.45	0.929472	-1.77035	-0.000463447
32.5	0.839793	-1.81458	-0.000490013
32.55	0.748014	-1.85427	-0.000514804
32.6	0.654366	-1.88933	-0.000537574
32.65	0.559081	-1.91967	-0.000558095
32.7	0.462399	-1.9452	-0.000576161
32.75	0.364561	-1.96588	-0.000591592
32.8	0.265811	-1.98164	-0.000604234
32.85	0.166397	-1.99244	-0.00061396
32.9	0.0665669	-1.99827	-0.000620674
32.95	-0.0334297	-1.9991	-0.000624308
33	-0.133343	-1.99493	-0.000624825
33.05	-0.232922	-1.98577	-0.000622222
33.1	-0.33192	-1.97165	-0.000616523
33.15	-0.430087	-1.9526	-0.000607786
33.2	-0.527179	-1.92867	-0.000596098
33.25	-0.622954	-1.89991	-0.000581575
33.3	-0.717171	-1.86641	-0.000564364
33.35	-0.809595	-1.82824	-0.000544635
33.4	-0.899995	-1.7855	-0.000522587
33.45	-0.988145	-1.7383	-0.000498439
33.5	-1.07382	-1.68675	-0.000472433
33.55	-1.15682	-1.63098	-0.000444828
33.6	-1.23692	-1.57114	-0.000415901
33.65	-1.31393	-1.50737	-0.000385941
33.7	-1.38766	-1.43983	-0.000355247
33.75	-1.45792	-1.36869	-0.000324125
33.8	-1.52453	-1.29413	-0.000292887
33.85	-1.58733	-1.21633	-0.000261846
33.9	-1.64616	-1.13549	-0.00023131
33.95	-1.70088	-1.05182	-0.000201586
34	-1.75134	-0.965512	-0.000172971
34.05	-1.79743	-0.876793	-0.000145749
34.1	-1.83902	-0.785881	-0.000120195
34.15	-1.87602	-0.693005	-9.65618e-05
34.2	-1.90832	-0.598397	-7.5087e-05
34.25	-1.93586	-0.502292	-5.59848e-05
34.3	-1.95855	-0.404932	-3.94461e-05
34.35	-1.97635	-0.306559	-2.56363e-05
34.4	-1.98921	-0.20742	-1.46934e-05
34.45	-1.99709	-0.107763	-6.72658e-06
34.5	-1.99998	-0.00783597	-1.81564e-06
34.55	-1.99788	0.0921106	-9.60012e-09
34.6	-1.99077	0.191827	-1.32651e-06
34.65	-1.97869	0.291063	-5.75321e-06
34.7	-1.96167	0.389573	-1.32455e-05
34.75	-1.93974	0.487108	-2.37284e-05
34.8	-1.91296	0.583425	-3.70972e-05
34.85	-1.88139	0.678284	-5.32184e-05
34.9	-1.84513	0.771447	-7.19307e-05
34.95	-1.80425	0.862681	-9.30472e-05
35	-1.75886	0.951759	-0.000116357
35.05	-1.70907	1.03846	-0.000141627
35.1	-1.65501	1.12256	-0.000168604
35.15	-1.59682	1.20386	-0.00019702
35.2	-1.53463	1.28214	-0.00022659
35.25	-1.4686	1.35722	-0.000257018
35.3	-1.39891	1.42891	-0.000288001
35.35	-1.32571	1.49703	-0.000319228
35.4	-1.2492	1.5614	-0.000350389
35.45	-1.16957	1.62187	-0.00038117
35.5	-1.08702	1.67828	-0.000411266
35.55	-1.00174	1.7305	-0.000440374
35.6	-0.913967	1.77839	-0.000468204
35.65	-0.823905	1.82184	-0.000494479
35.7	-0.731783	1.86073	-0.000518934
35.75	-0.637832	1.89497	-0.000541327
35.8	-0.542286	1.92448	-0.000561433
35.85	-0.445384	1.94917	-0.000579051
35.9	-0.347369	1.96899	-0.000594005
35.95	-0.248485	1.98388	-0.000606146
36	-0.14898	1.99382	-0.000615352
36.05	-0.0491031	1.99877	-0.000621532
36.1	0.0508968	1.99873	-0.000624623
36.15	0.15077	1.99369	-0.000624595
36.2	0.250265	1.98366	-0.000621448
36.25	0.349136	1.96867	-0.000615214
36.3	0.447133	1.94877	-0.000605954
36.35	0.544012	1.92399	-0.000593761
36.4	0.639532	1.8944	-0.000578758
36.45	0.733452	1.86008	-0.000561094
36.5	0.825539	1.8211	-0.000540945
36.55	0.915563	1.77757	-0.000518513
36.6	1.0033	1.7296	-0.000494023
36.65	1.08852	1.67731	-0.000467718
36.7	1.17103	1.62082	-0.000439862
36.75	1.2506	1.56028	-0.000410734
36.8	1.32706	1.49584	-0.000380623
36.85	1.40019	1.42765	-0.000349832
36.9	1.46982	1.3559	-0.000318668
36.95	1.53578	1.28076	-0.000287442
37	1.5979	1.20242	-0.000256466
37.05	1.65602	1.12107	-0.000226051
37.1	1.71	1.03692	-0.000196499
37.15	1.75971	0.950181	-0.000168107
37.2	1.80502	0.861063	-0.000141158
37.25	1.84582	0.769792	-0.000115921
37.3	1.882	0.676596	-9.26484e-05
37.35	1.91348	0.581709	-7.15732e-05
37.4	1.94017	0.485368	-5.29058e-05
37.45	1.96202	0.387813	-3.68327e-05
37.5	1.97895	0.289289	-2.35145e-05
37.55	1.99094	0.190041	-1.30844e-05
37.6	1.99796	0.0903187	-5.64661e-06
37.65	1.99998	-0.00962964	-1.2754e-06
37.7	1.997	-0.109554	-1.44981e-08
37.75	1.98902	-0.209204	-1.8765e-06
37.8	1.97607	-0.308332	-6.84279e-06
37.85	1.95819	-0.406688	-1.48637e-05
37.9	1.93541	-0.504028	-2.58592e-05
37.95	1.90779	-0.600108	-3.97193e-05
38	1.8754	-0.694688	-5.63054e-05
38.05	1.83832	-0.78753	-7.5452e-05
38.1	1.79664	-0.878404	-9.69675e-05
38.15	1.75048	-0.967082	-0.000120637
38.2	1.69993	-1.05334	-0.000146224
38.25	1.64514	-1.13697	-0.000173473
38.3	1.58624	-1.21775	-0.000202111
38.35	1.52337	-1.29549	-0.000231852
38.4	1.45669	-1.37	-0.000262399
38.45	1.38637	-1.44107	-0.000293447
38.5	1.31258	-1.50855	-0.000324685
38.55	1.23551	-1.57225	-0.000355802
38.6	1.15536	-1.63202	-0.000386486
38.65	1.07231	-1.68771	-0.00041643
38.7	0.986585	-1.73918	-0.000445336
38.75	0.898392	-1.78631	-0.000472914
38.8	0.807954	-1.82897	-0.000498889
38.85	0.715496	-1.86705	-0.000523002
38.9	0.621249	-1.90047	-0.00054501
38.95	0.525448	-1.92914	-0.000564695
39	0.428335	-1.95298	-0.00058186
39.05	0.33015	-1.97195	-0.000596333
39.1	0.23114	-1.98598	-0.000607969
39.15	0.131552	-1.99505	-0.000616652
39.2	0.0316356	-1.99912	-0.000622296
39.25	-0.0683601	-1.99821	-0.000624844
39.3	-0.168185	-1.99229	-0.00062427
39.35	-0.267589	-1.9814	-0.00062058
39.4	-0.366325	-1.96555	-0.000613812
39.45	-0.464145	-1.94479	-0.000604032
39.5	-0.560804	-1.91917	-0.000591339
39.55	-0.656061	-1.88874	-0.000575859
39.6	-0.749678	-1.8536	-0.000557747
39.65	-0.841421	-1.81382	-0.000537185
39.7	-0.93106	-1.76951	-0.000514377
39.75	-1.01837	-1.72077	-0.000489551
39.8	-1.10314	-1.66774	-0.000462956
39.85	-1.18515	-1.61053	-0.000434857
39.9	-1.26419	-1.5493	-0.000405536
39.95	-1.34008	-1.48419	-0.000375285
40	-1.41261	-1.41537	-0.000344406
40.05	-1.48161	-1.34302	-0.000313208
40.1	-1.54691	-1.2673	-0.000282004
40.15	-1.60834	-1.18842	-0.000251104
40.2	-1.66575	-1.10657	-0.000220818
40.25	-1.719	-1.02195	-0.000191447
40.3	-1.76795	-0.934778	-0.000163287
40.35	-1.81248	-0.845267	-0.000136618
40.4	-1.85248	-0.753643	-0.000111707
40.45	-1.88784	-0.660135	-8.88021e-05
40.5	-1.91849	-0.564977	-6.8133e-05
40.55	-1.94434	-0.468406	-4.9906e-05
40.6	-1.96533	-0.370665	-3.43034e-05
40.65	-1.98141	-0.271996	-2.1481e-05
40.7	-1.99253	-0.172648	-1.15669e-05
40.75	-1.99867	-0.0728677	-4.66029e-06
40.8	-1.99982	0.0270945	-8.30159e-07
40.85	-1.99596	0.126989	-1.14777e-07
40.9	-1.98712	0.226566	-2.52129e-06
40.95	-1.97331	0.325577	-8.02566e-06
41	-1.95456	0.423773	-1.65729e-05
41.05	-1.93093	0.52091	-2.80775e-05
41.1	-1.90247	0.616745	-4.24246e-05
41.15	-1.86925	0.711038	-5.94707e-05
41.2	-1.83136	0.803554	-7.90456e-05
41.25	-1.7889	0.89406	-0.000100954
41.3	-1.74196	0.982332	-0.000124976
41.35	-1.69066	1.06815	-0.000150872
41.4	-1.63514	1.15129	-0.000178383
41.45	-1.57554	1.23156	-0.000207235
41.5	-1.51199	1.30875	-0.000237139
41.55	-1.44466	1.38266	-0.000267796
41.6	-1.37372	1.45312	-0.000298899
41.65	-1.29935	1.51995	-0.000330139
41.7	-1.22173	1.58298	-0.000361202
41.75	-1.14105	1.64205	-0.000391779
41.8	-1.05752	1.69701	-0.000421563
41.85	-0.97135	1.74773	-0.000450257
41.9	-0.882749	1.79409	-0.000477575
41.95	-0.791941	1.83595	-0.000503243
42	-0.699154	1.87323	-0.000527005
42.05	-0.604618	1.90582	-0.000548623
42.1	-0.508571	1.93365	-0.000567881
42.15	-0.411253	1.95665	-0.000584587
42.2	-0.312906	1.97475	-0.000598574
42.25	-0.213777	1.98792	-0.000609702
42.3	-0.114114	1.99612	-0.000617859
42.35	-0.0141657	1.99932	-0.000622965
42.4	0.0858182	1.99753	-0.000624969
42.45	0.185588	1.99075	-0.000623849
42.5	0.284893	1.97899	-0.000619618
42.55	0.383486	1.96228	-0.000612318
42.6	0.481121	1.94066	-0.000602022
42.65	0.577552	1.91419	-0.000588832
42.7	0.67254	1.88294	-0.00057288
42.75	0.765847	1.84698	-0.000554327
42.8	0.857239	1.80641	-0.000533356
42.85	0.946487	1.76131	-0.000510178
42.9	1.03337	1.71182	-0.000485025
42.95	1.11767	1.65804	-0.000458148
43	1.19917	1.60012	-0.000429815
43.05	1.27768	1.5382	-0.00040031
43.1	1.35299	1.47243	-0.000369927
43.15	1.42492	1.40298	-0.00033897
43.2	1.49329	1.33003	-0.000307749
43.25	1.55793	1.25375	-0.000276575
43.3	1.61867	1.17433	-0.00024576
43.35	1.67536	1.09198	-0.000215612
43.4	1.72786	1.0069	-0.000186433
43.45	1.77605	0.919303	-0.000158513
43.5	1.8198	0.829407	-0.000132132
43.55	1.85899	0.737437	-0.000107554
43.6	1.89354	0.643624	-8.5024e-05
43.65	1.92335	0.548202	-6.47674e-05
43.7	1.94836	0.451409	-4.69864e-05
43.75	1.96849	0.353488	-3.1859e-05
43.8	1.98371	0.254683	-1.95362e-05
43.85	1.99396	0.155241	-1.01412e-05
43.9	1.99923	0.0554111	-3.76794e-06
43.95	1.9995	-0.0445573	-4.80048e-07
44	1.99478	-0.144414	-3.10406e-07
44.05	1.98506	-0.24391	-3.26071e-06
44.1	1.97039	-0.342796	-9.30147e-06
44.15	1.95078	-0.440826	-1.83723e-05
44.2	1.9263	-0.537753	-3.03826e-05
44.25	1.89701	-0.633335	-4.52123e-05
44.3	1.86297	-0.727335	-6.27132e-05
44.35	1.82427	-0.819516	-8.27104e-05
44.4	1.78102	-0.909648	-0.000105004
44.45	1.73331	-0.997506	-0.000129371
44.5	1.68127	-1.08287	-0.000155569
44.55	1.62502	-1.16553	-0.000183335
44.6	1.56471	-1.24527	-0.000212391
44.65	1.50049	-1.3219	-0.000242449
44.7	1.43252	-1.39523	-0.000273206
44.75	1.36097	-1.46506	-0.000304356
44.8	1.28602	-1.53124	-0.000335587
44.85	1.20785	-1.59359	-0.000366587
44.9	1.12666	-1.65195	-0.000397047
44.95	1.04265	-1.70618	-0.000426663
45	0.956041	-1.75615	-0.000455137
45.05	0.867038	-1.80173	-0.000482185
45.1	0.775868	-1.8428	-0.000507538
45.15	0.682758	-1.87926	-0.000530942
45.2	0.587942	-1.91103	-0.000552163
45.25	0.491655	-1.93802	-0.000570988
45.3	0.39414	-1.96017	-0.00058723
45.35	0.295639	-1.97741	-0.000600727
45.4	0.196399	-1.98971	-0.000611343
45.45	0.0966674	-1.99704	-0.000618973
45.5	-0.0033053	-1.99937	-0.00062354
45.55	-0.10327	-1.99671	-0.000624998
45.6	-0.202976	-1.98905	-0.000623334
45.65	-0.302175	-1.97642	-0.000618563
45.7	-0.400618	-1.95885	-0.000610733
45.75	-0.49806	-1.93639	-0.000599923
45.8	-0.594257	-1.90908	-0.00058624
45.85	-0.688968	-1.877	-0.000569822
45.9	-0.781957	-1.84022	-0.000550832
45.95	-0.87299	-1.79885	-0.00052946
46	-0.961842	-1.75298	-0.00050592
46.05	-1.04829	-1.70273	-0.000480447
46.1	-1.13211	-1.64822	-0.000453296
46.15	-1.21311	-1.58959	-0.000424737
46.2	-1.29107	-1.52698	-0.000395057
46.25	-1.36581	-1.46056	-0.000364552
46.3	-1.43713	-1.39049	-0.000333526
46.35	-1.50486	-1.31694	-0.000302291
46.4	-1.56882	-1.24009	-0.000271157
46.45	-1.62887	-1.16015	-0.000240437
46.5	-1.68484	-1.07731	-0.000210437
46.55	-1.7366	-0.991774	-0.000181456
46.6	-1.78402	-0.903758	-0.000153786
46.65	-1.82697	-0.813484	-0.000127702
46.7	-1.86536	-0.721175	-0.000103464
46.75	-1.89909	-0.627064	-8.13154e-05
46.8	-1.92807	-0.531385	-6.14773e-05
46.85	-1.95223	-0.434377	-4.41479e-05
46.9	-1.97151	-0.336284	-2.95003e-05
46.95	-1.98586	-0.23735	-1.76809e-05
47	-1.99524	-0.137822	-8.80783e-06
47.05	-1.99964	-0.0379502	-2.96982e-06
47.1	-1.99904	0.0620167	-2.25175e-07
47.15	-1.99344	0.161829	-6.01325e-07
47.2	-1.98285	0.261236	-4.09451e-06
47.25	-1.96731	0.35999	-1.06698e-05
47.3	-1.94686	0.457844	-2.02616e-05
47.35	-1.92153	0.554554	-3.27738e-05
47.4	-1.8914	0.649877	-4.80816e-05
47.45	-1.85654	0.743576	-6.6032e-05
47.5	-1.81704	0.835416	-8.64455e-05
47.55	-1.773	0.925167	-0.000109118
47.6	-1.72453	1.0126	-0.000133823
47.65	-1.67174	1.09751	-0.000160314
47.7	-1.61477	1.17967	-0.000188326
47.75	-1.55377	1.25889	-0.000217578
47.8	-1.48889	1.33495	-0.00024778
47.85	-1.42028	1.40768	-0.000278628
47.9	-1.34812	1.47689	-0.000309814
47.95	-1.27259	1.54241	-0.000341028
48	-1.19388	1.60407	-0.000371956
48.05	-1.11218	1.66172	-0.00040229
48.1	-1.0277	1.71522	-0.000431727
48.15	-0.940659	1.76443	-0.000459972
48.2	-0.851261	1.80923	-0.000486744
48.25	-0.759736	1.8495	-0.000511774
48.3	-0.666311	1.88515	-0.000534813
48.35	-0.57122	1.91609	-0.00055563
48.4	-0.474702	1.94224	-0.000574017
48.45	-0.376996	1.96353	-0.00058979
48.5	-0.278348	1.97992	-0.000602793
48.55	-0.179005	1.99135	-0.000612894
48.6	-0.0792133	1.99781	-0.000619993
48.65	0.0207761	1.99927	-0.00062402
48.7	0.120713	1.99573	-0.000624933
48.75	0.220349	1.9872	-0.000622723
48.8	0.319434	1.97371	-0.000617413
48.85	0.41772	1.95528	-0.000609057
48.9	0.514962	1.93196	-0.000597736
48.95	0.610916	1.90382	-0.000583565
49	0.705343	1.87091	-0.000566685
49.05	0.798007	1.83333	-0.000547264
49.1	0.888676	1.79116	-0.000525498
49.15	0.977123	1.74451	-0.000501602
49.2	1.06313	1.69351	-0.000475817
49.25	1.14647	1.63827	-0.0004484
49.3	1.22695	1.57893	-0.000419625
49.35	1.30437	1.51565	-0.000389779
49.4	1.37852	1.44858	-0.00035916
49.45	1.44922	1.37788	-0.000328076
49.5	1.51631	1.30374	-0.000296836
49.55	1.5796	1.22635	-0.000265752
49.6	1.63894	1.14588	-0.000235136
49.65	1.69419	1.06256	-0.000205292
49.7	1.7452	0.976571	-0.00017652
49.75	1.79184	0.888144	-0.000149107
49.8	1.83401	0.797498	-0.000123327
49.85	1.87159	0.704858	-9.94376e-05
49.9	1.9045	0.610456	-7.76774e-05
49.95	1.93264	0.514527	-5.82639e-05
50	1.95595	0.417312	-4.13912e-05
50.05	1.97437	0.319054	-2.72279e-05
50.1	1.98786	0.219999	-1.59155e-05
50.15	1.99637	0.120393	-7.56714e-06
50.2	1.9999	0.0204865	-2.26618e-06
50.25	1.99842	-0.0794714	-6.56183e-08
50.3	1.99195	-0.179231	-9.87446e-07
50.35	1.9805	-0.278542	-5.02245e-06
50.4	1.96409	-0.377156	-1.21303e-05
50.45	1.94278	-0.474828	-2.224e-05
50.5	1.91661	-0.571313	-3.52505e-05
50.55	1.88565	-0.66637	-5.10317e-05
50.6	1.84997	-0.75976	-6.9426e-05
50.65	1.80967	-0.851251	-9.02495e-05
50.7	1.76485	-0.940614	-0.000113294
50.75	1.71561	-1.02763	-0.00013833
50.8	1.66209	-1.11207	-0.000165106
50.85	1.60441	-1.19373	-0.000193355
50.9	1.54271	-1.27241	-0.000222794
50.95	1.47716	-1.34791	-0.000253131
51	1.40792	-1.42003	-0.00028406
51.05	1.33516	-1.48861	-0.000315274
51.1	1.25906	-1.55347	-0.00034646
51.15	1.17981	-1.61444	-0.000377307
51.2	1.09762	-1.67137	-0.000407506
51.25	1.01268	-1.72413	-0.000436755
51.3	0.925205	-1.77258	-0.000464763
51.35	0.835419	-1.81659	-0.000491249
51.4	0.743545	-1.85607	-0.000515949
51.45	0.649813	-1.8909	-0.000538616
51.5	0.554455	-1.92101	-0.000559022
51.55	0.457712	-1.94631	-0.000576966
51.6	0.359824	-1.96675	-0.000592266
51.65	0.261037	-1.98227	-0.00060477
51.7	0.161597	-1.99284	-0.000614353
51.75	0.061753	-1.99842	-0.00062092
51.8	-0.0382452	-1.99901	-0.000624404
51.85	-0.138148	-1.9946	-0.000624771
51.9	-0.237705	-1.9852	-0.000622018
51.95	-0.336668	-1.97084	-0.000616171
52	-0.43479	-1.95156	-0.00060729
52.05	-0.531824	-1.92739	-0.000595462
52.1	-0.627529	-1.89841	-0.000580807
52.15	-0.721665	-1.86468	-0.00056347
52.2	-0.813997	-1.82629	-0.000543625
52.25	-0.904293	-1.78333	-0.00052147
52.3	-0.99233	-1.73591	-0.000497227
52.35	-1.07788	-1.68416	-0.000471138
52.4	-1.16075	-1.62819	-0.000443463
52.45	-1.2407	-1.56816	-0.00041448
52.5	-1.31756	-1.5042	-0.000384477
52.55	-1.39112	-1.43648	-0.000353755
52.6	-1.46121	-1.36517	-0.000322621
52.65	-1.52764	-1.29045	-0.000291385
52.7	-1.59025	-1.21251	-0.000260361
52.75	-1.64889	-1.13153	-0.000229858
52.8	-1.70341	-1.04772	-0.00020018
52.85	-1.75366	-0.961293	-0.000171625
52.9	-1.79954	-0.872463	-0.000144478
52.95	-1.84091	-0.781452	-0.000119011
53	-1.87768	-0.688487	-9.54764e-05
53.05	-1.90976	-0.593801	-7.4111e-05
53.1	-1.93706	-0.49763	-5.51281e-05
53.15	-1.95952	-0.400216	-3.87173e-05
53.2	-1.97708	-0.301801	-2.50426e-05
53.25	-1.9897	-0.202631	-1.42407e-05
53.3	-1.99735	-0.102955	-6.41953e-06
53.35	-2	-0.00302115	-1.65724e-06
53.4	-1.99765	0.09692	-1.42703e-09
53.45	-1.99031	0.196619	-1.46865e-06
53.5	-1.97799	0.295826	-6.04424e-06
53.55	-1.96072	0.394294	-1.36825e-05
53.6	-1.93856	0.491776	-2.4307e-05
53.65	-1.91155	0.588029	-3.78117e-05
53.7	-1.87975	0.682811	-5.40615e-05
53.75	-1.84326	0.775887	-7.28941e-05
53.8	-1.80217	0.867022	-9.41213e-05
53.85	-1.75656	0.95599	-0.000117531
53.9	-1.70657	1.04257	-0.000142889
53.95	-1.65231	1.12654	-0.000169942
54	-1.59391	1.2077	-0.00019842
54.05	-1.53154	1.28583	-0.000228038
54.1	-1.46533	1.36075	-0.0002585
54.15	-1.39546	1.43227	-0.000289501
54.2	-1.3221	1.50021	-0.000320733
54.25	-1.24544	1.5644	-0.000351882
54.3	-1.16566	1.62468	-0.000382638
54.35	-1.08297	1.68089	-0.000412692
54.4	-0.997573	1.73291	-0.000441746
54.45	-0.90968	1.78059	-0.000469508
54.5	-0.819514	1.82382	-0.0004957
54.55	-0.727298	1.86249	-0.000520062
54.6	-0.633265	1.8965	-0.00054235
54.65	-0.537648	1.92578	-0.00056234
54.7	-0.440687	1.95023	-0.000579834
54.75	-0.342625	1.96982	-0.000594655
54.8	-0.243705	1.98448	-0.000606658
54.85	-0.144177	1.99417	-0.00061572
54.9	-0.0442881	1.99888	-0.000621752
54.95	0.0557115	1.9986	-0.000624694
55	0.155572	1.99332	-0.000624515
55.05	0.255043	1.98305	-0.000621218
55.1	0.353877	1.96783	-0.000614836
55.15	0.451826	1.94769	-0.000605433
55.2	0.548646	1.92267	-0.000593102
55.25	0.644093	1.89286	-0.000577967
55.3	0.737931	1.85831	-0.000560179
55.35	0.829924	1.81911	-0.000539915
55.4	0.919842	1.77536	-0.000517379
55.45	1.00746	1.72718	-0.000492795
55.5	1.09256	1.67468	-0.00046641
55.55	1.17493	1.61799	-0.000438486
55.6	1.25436	1.55726	-0.000409304
55.65	1.33065	1.49264	-0.000379153
55.7	1.40362	1.42428	-0.000348337
55.75	1.47308	1.35236	-0.000317163
55.8	1.53886	1.27706	-0.000285942
55.85	1.60079	1.19857	-0.000254986
55.9	1.65872	1.11708	-0.000224605
55.95	1.7125	1.0328	-0.000195103
56	1.762	0.945942	-0.000166774
56.05	1.80709	0.856715	-0.000139901
56.1	1.84767	0.765346	-0.000114753
56.15	1.88363	0.672063	-9.15813e-05
56.2	1.91488	0.577101	-7.06174e-05
56.25	1.94134	0.480696	-5.20709e-05
56.3	1.96294	0.383089	-3.6127e-05
56.35	1.97965	0.284524	-2.29451e-05
56.4	1.9914	0.185248	-1.26569e-05
56.45	1.99817	0.0855086	-5.36534e-06
56.5	1.99995	-0.0144444	-1.14317e-06
56.55	1.99673	-0.114361	-3.26205e-08
56.6	1.98851	-0.213992	-2.04479e-06
56.65	1.97533	-0.313088	-7.15958e-06
56.7	1.9572	-0.411401	-1.53259e-05
56.75	1.93419	-0.508686	-2.6462e-05
56.8	1.90633	-0.604699	-4.04568e-05
56.85	1.87372	-0.6992	-5.71703e-05
56.9	1.83641	-0.791954	-7.64355e-05
56.95	1.79452	-0.882727	-9.80598e-05
57	1.74814	-0.971294	-0.000121827
57.05	1.69739	-1.05743	-0.0001475
57.1	1.6424	-1.14093	-0.000174822
57.15	1.5833	-1.22157	-0.00020352
57.2	1.52024	-1.29916	-0.000233307
57.25	1.45338	-1.3735	-0.000263885
57.3	1.38289	-1.44441	-0.00029495
57.35	1.30894	-1.5117	-0.000326189
57.4	1.23172	-1.57522	-0.000357292
57.45	1.15142	-1.6348	-0.000387947
57.5	1.06824	-1.69029	-0.000417848
57.55	0.982392	-1.74155	-0.000446697
57.6	0.894087	-1.78847	-0.000474204
57.65	0.803546	-1.83091	-0.000500095
57.7	0.710996	-1.86877	-0.000524112
57.75	0.616669	-1.90196	-0.000546013
57.8	0.5208	-1.9304	-0.000565581
57.85	0.423629	-1.95401	-0.00058262
57.9	0.325399	-1.97273	-0.000596959
57.95	0.226355	-1.98653	-0.000608456
58	0.126746	-1.99536	-0.000616994
58.05	0.0268198	-1.9992	-0.00062249
58.1	-0.0731735	-1.99804	-0.000624888
58.15	-0.172984	-1.99188	-0.000624163
58.2	-0.272362	-1.98075	-0.000620324
58.25	-0.371059	-1.96466	-0.000613409
58.3	-0.468828	-1.94367	-0.000603487
58.35	-0.565425	-1.91781	-0.000590656
58.4	-0.660609	-1.88716	-0.000575046
58.45	-0.754141	-1.85179	-0.000556812
58.5	-0.845788	-1.81179	-0.000536136
58.55	-0.93532	-1.76726	-0.000513225
58.6	-1.02251	-1.71832	-0.000488309
58.65	-1.10715	-1.66508	-0.000461635
58.7	-1.18902	-1.60767	-0.000433471
58.75	-1.26792	-1.54625	-0.000404098
58.8	-1.34365	-1.48096	-0.000373809
58.85	-1.41602	-1.41197	-0.000342908
58.9	-1.48484	-1.33945	-0.000311703
58.95	-1.54996	-1.26358	-0.000280506
59	-1.6112	-1.18455	-0.000249629
59.05	-1.66841	-1.10256	-0.00021938
59.1	-1.72146	-1.01781	-0.000190061
59.15	-1.7702	-0.930519	-0.000161966
59.2	-1.81451	-0.840901	-0.000135376
59.25	-1.85429	-0.749181	-0.000110556
59.3	-1.88943	-0.655589	-8.77537e-05
59.35	-1.91984	-0.560357	-6.71977e-05
59.4	-1.94546	-0.463724	-4.90931e-05
59.45	-1.96622	-0.365932	-3.3621e-05
59.5	-1.98206	-0.267225	-2.09359e-05
59.55	-1.99294	-0.16785	-1.11647e-05
59.6	-1.99884	-0.0680558	-4.4049e-06
59.65	-1.99975	0.0319088	-7.24139e-07
59.7	-1.99565	0.131794	-1.59189e-07
59.75	-1.98657	0.231349	-2.71569e-06
59.8	-1.97252	0.330326	-8.36811e-06
59.85	-1.95353	0.428477	-1.70599e-05
59.9	-1.92967	0.525557	-2.87043e-05
59.95	-1.90098	0.621324	-4.31849e-05
60	-1.86754	0.715536	-6.03569e-05
60.05	-1.82942	0.80796	-8.00488e-05
60.1	-1.78674	0.898364	-0.000102064
60.15	-1.73959	0.986523	-0.000126182
60.2	-1.68809	1.07221	-0.000152162
60.25	-1.63237	1.15523	-0.000179744
60.3	-1.57256	1.23535	-0.000208653
60.35	-1.50883	1.31238	-0.0002386
60.4	-1.44133	1.38614	-0.000269286
60.45	-1.37022	1.45643	-0.000300403
60.5	-1.29568	1.52307	-0.000331641
60.55	-1.21791	1.58591	-0.000362688
60.6	-1.13709	1.64479	-0.000393234
60.65	-1.05343	1.69955	-0.000422972
60.7	-0.967137	1.75007	-0.000451607
60.75	-0.878424	1.79621	-0.000478851
60.8	-0.787516	1.83785	-0.000504433
60.85	-0.694639	1.87491	-0.000528097
60.9	-0.600025	1.90727	-0.000549606
60.95	-0.503912	1.93487	-0.000568745
61	-0.406538	1.95763	-0.000585324
61.05	-0.308148	1.9755	-0.000599176
61.1	-0.208988	1.98843	-0.000610163
61.15	-0.109305	1.99639	-0.000618176
61.2	-0.00934945	1.99935	-0.000623133
61.25	0.0906299	1.99732	-0.000624986
61.3	0.190383	1.9903	-0.000623717
61.35	0.289659	1.97829	-0.000619337
61.4	0.388212	1.96135	-0.00061189
61.45	0.485794	1.9395	-0.000601452
61.5	0.582162	1.9128	-0.000588126
61.55	0.677074	1.88132	-0.000572045
61.6	0.770294	1.84513	-0.00055337
61.65	0.861588	1.80434	-0.000532289
61.7	0.950727	1.75903	-0.00050901
61.75	1.03749	1.70932	-0.000483768
61.8	1.12166	1.65534	-0.000456815
61.85	1.20302	1.59723	-0.000428419
61.9	1.28138	1.53512	-0.000398864
61.95	1.35654	1.46917	-0.000368447
62	1.4283	1.39955	-0.00033747
62.05	1.49649	1.32643	-0.000306244
62.1	1.56094	1.24999	-0.00027508
62.15	1.62149	1.17043	-0.000244291
62.2	1.67799	1.08795	-0.000214182
62.25	1.73029	1.00274	-0.000185057
62.3	1.77826	0.915025	-0.000157205
62.35	1.82179	0.825024	-0.000130905
62.4	1.86076	0.73296	-0.00010642
62.45	1.89508	0.639064	-8.39947e-05
62.5	1.92467	0.54357	-6.38528e-05
62.55	1.94944	0.446717	-4.61958e-05
62.6	1.96934	0.348748	-3.12002e-05
62.65	1.98432	0.249906	-1.90158e-05
62.7	1.99433	0.15044	-9.76441e-06
62.75	1.99936	0.0505979	-3.5385e-06
62.8	1.99939	-0.0493708	-4.00273e-07
62.85	1.99442	-0.149216	-3.81094e-07
62.9	1.98447	-0.248688	-3.48115e-06
62.95	1.96955	-0.347539	-9.66947e-06
63	1.94971	-0.445521	-1.88842e-05
63.05	1.925	-0.542389	-3.10333e-05
63.1	1.89548	-0.637901	-4.59952e-05
63.15	1.86121	-0.731818	-6.36206e-05
63.2	1.82229	-0.823905	-8.37331e-05
63.25	1.77882	-0.913933	-0.000106132
63.3	1.7309	-1.00168	-0.000130593
63.35	1.67865	-1.08692	-0.000156872
63.4	1.62221	-1.16944	-0.000184707
63.45	1.56171	-1.24903	-0.000213818
63.5	1.49731	-1.32551	-0.000243916
63.55	1.42916	-1.39867	-0.000274699
63.6	1.35744	-1.46834	-0.00030586
63.65	1.28232	-1.53433	-0.000337088
63.7	1.20401	-1.59649	-0.000368069
63.75	1.12268	-1.65466	-0.000398495
63.8	1.03854	-1.70869	-0.000428062
63.85	0.951807	-1.75845	-0.000456474
63.9	0.862695	-1.80381	-0.000483447
63.95	0.771427	-1.84466	-0.000508712
64	0.678229	-1.8809	-0.000532016
64.05	0.583336	-1.91244	-0.000553126
64.1	0.486985	-1.9392	-0.000571831
64.15	0.389417	-1.96111	-0.000587945
64.2	0.290874	-1.97812	-0.000601305
64.25	0.191605	-1.99018	-0.00061178
64.3	0.0918565	-1.99727	-0.000619264
64.35	-0.00812162	-1.99936	-0.000623682
64.4	-0.108079	-1.99645	-0.00062499
64.45	-0.207767	-1.98856	-0.000623175
64.5	-0.306935	-1.97569	-0.000618255
64.55	-0.405336	-1.95788	-0.00061028
64.6	-0.502723	-1.93518	-0.000599329
64.65	-0.598854	-1.90764	-0.000585511
64.7	-0.693488	-1.87533	-0.000568965
64.75	-0.786387	-1.83834	-0.000549855
64.8	-0.877321	-1.79674	-0.000528374
64.85	-0.966062	-1.75066	-0.000504736
64.9	-1.05239	-1.7002	-0.000479176
64.95	-1.13608	-1.64549	-0.00045195
65	-1.21694	-1.58666	-0.000423331
65.05	-1.29475	-1.52387	-0.000393604
65.1	-1.36932	-1.45727	-0.000363067
65.15	-1.44047	-1.38702	-0.000332024
65.2	-1.50802	-1.31331	-0.000300786
65.25	-1.57181	-1.23631	-0.000269666
65.3	-1.63166	-1.15623	-0.000238973
65.35	-1.68743	-1.07325	-0.000209015
65.4	-1.73898	-0.98759	-0.000180092
65.45	-1.78619	-0.899461	-0.000152491
65.5	-1.82893	-0.809083	-0.00012649
65.55	-1.8671	-0.716682	-0.000102348
65.6	-1.9006	-0.62249	-8.03054e-05
65.65	-1.92934	-0.526742	-6.05838e-05
65.7	-1.95327	-0.429676	-4.33797e-05
65.75	-1.97231	-0.331537	-2.88652e-05
65.8	-1.98642	-0.232568	-1.71852e-05
65.85	-1.99557	-0.133018	-8.45654e-06
65.9	-1.99973	-0.0331361	-2.7664e-06
65.95	-1.99888	0.0668291	-1.7167e-07
66	-1.99304	0.166627	-6.98268e-07
66.05	-1.98222	0.266009	-4.34094e-06
66.1	-1.96644	0.364725	-1.10633e-05
66.15	-1.94575	0.46253	-2.07981e-05
66.2	-1.92019	0.559178	-3.34481e-05
66.25	-1.88983	0.654429	-4.88869e-05
66.3	-1.85475	0.748043	-6.69601e-05
66.35	-1.81503	0.839787	-8.74873e-05
66.4	-1.77077	0.929432	-0.000110263
66.45	-1.72208	1.01675	-0.00013506
66.5	-1.66909	1.10153	-0.00016163
66.55	-1.61193	1.18356	-0.000189708
66.6	-1.55074	1.26262	-0.000219013
66.65	-1.48567	1.33853	-0.000249253
66.7	-1.41688	1.4111	-0.000280124
66.75	-1.34456	1.48013	-0.000311319
66.8	-1.26887	1.54547	-0.000342526
66.85	-1.19001	1.60694	-0.000373433
66.9	-1.10817	1.6644	-0.000403731
66.95	-1.02357	1.71769	-0.000433117
67	-0.936405	1.76669	-0.000461298
67.05	-0.8469	1.81127	-0.000487991
67.1	-0.755278	1.85133	-0.000512931
67.15	-0.661768	1.88675	-0.000535868
67.2	-0.566603	1.91746	-0.000556572
67.25	-0.470022	1.94338	-0.000574838
67.3	-0.372265	1.96444	-0.000590481
67.35	-0.273578	1.98058	-0.000603347
67.4	-0.174207	1.99178	-0.000613305
67.45	-0.0744005	1.99799	-0.000620258
67.5	0.0255921	1.99921	-0.000624135
67.55	0.125521	1.99543	-0.000624898
67.6	0.225135	1.98667	-0.000622538
67.65	0.324187	1.97293	-0.00061708
67.7	0.422429	1.95427	-0.000608579
67.75	0.519614	1.93072	-0.000597118
67.8	0.615501	1.90234	-0.000582813
67.85	0.709848	1.86921	-0.000565806
67.9	0.802421	1.8314	-0.000546268
67.95	0.892988	1.78901	-0.000524394
68	0.981323	1.74216	-0.000500402
68.05	1.0672	1.69094	-0.000474532
68.1	1.15042	1.6355	-0.000447043
68.15	1.23075	1.57597	-0.00041821
68.2	1.30801	1.5125	-0.000388319
68.25	1.382	1.44525	-0.000357672
68.3	1.45254	1.37439	-0.000326573
68.35	1.51944	1.30009	-0.000295333
68.4	1.58255	1.22254	-0.000264264
68.45	1.6417	1.14193	-0.000233678
68.5	1.69674	1.05847	-0.00020388
68.55	1.74754	0.972366	-0.000175167
68.6	1.79398	0.883828	-0.000147826
68.65	1.83593	0.793081	-0.000122131
68.7	1.87329	0.70035	-9.83391e-05
68.75	1.90596	0.605869	-7.66871e-05
68.8	1.93387	0.509873	-5.73917e-05
68.85	1.95695	0.412602	-4.06458e-05
68.9	1.97513	0.3143	-2.66168e-05
68.95	1.98838	0.215213	-1.54448e-05
69	1.99666	0.115587	-7.24147e-06
69.05	1.99994	0.0156718	-2.08885e-06
69.1	1.99822	-0.0842822	-3.83999e-08
69.15	1.99151	-0.184026	-1.11061e-06
69.2	1.97982	-0.283309	-5.29478e-06
69.25	1.96318	-0.381884	-1.25491e-05
69.3	1.94163	-0.479504	-2.2801e-05
69.35	1.91523	-0.575926	-3.59481e-05
69.4	1.88404	-0.670907	-5.1859e-05
69.45	1.84814	-0.764212	-7.03747e-05
69.5	1.80762	-0.855606	-9.13101e-05
69.55	1.76258	-0.94486	-0.000114456
69.6	1.71313	-1.03175	-0.000139581
69.65	1.6594	-1.11607	-0.000166434
69.7	1.60152	-1.19759	-0.000194747
69.75	1.53964	-1.27612	-0.000224237
69.8	1.47391	-1.35146	-0.000254609
69.85	1.4045	-1.42342	-0.000285559
69.9	1.33157	-1.49182	-0.000316779
69.95	1.25532	-1.55649	-0.000347956
70	1.17592	-1.61727	-0.000378779
70.05	1.09359	-1.67401	-0.000408939
70.1	1.00852	-1.72656	-0.000438135
70.15	0.920932	-1.7748	-0.000466076
70.2	0.831041	-1.8186	-0.000492482
70.25	0.739072	-1.85785	-0.000517089
70.3	0.645256	-1.89246	-0.000539652
70.35	0.549826	-1.92234	-0.000559945
70.4	0.453022	-1.94741	-0.000577764
70.45	0.355085	-1.96761	-0.000592933
70.5	0.256261	-1.98289	-0.000605299
70.55	0.156796	-1.99322	-0.000614739
70.6	0.0569388	-1.99856	-0.000621159
70.65	-0.0430606	-1.99891	-0.000624493
70.7	-0.142952	-1.99426	-0.00062471
70.75	-0.242487	-1.98463	-0.000621807
70.8	-0.341415	-1.97003	-0.000615813
70.85	-0.439489	-1.9505	-0.000606787
70.9	-0.536465	-1.92611	-0.00059482
70.95	-0.6321	-1.89689	-0.000580032
71	-0.726155	-1.86294	-0.00056257
71.05	-0.818394	-1.82432	-0.000542609
71.1	-0.908587	-1.78115	-0.000520349
71.15	-0.996508	-1.73352	-0.000496011
71.2	-1.08194	-1.68156	-0.000469839
71.25	-1.16466	-1.62539	-0.000442095
71.3	-1.24448	-1.56517	-0.000413056
71.35	-1.32118	-1.50102	-0.000383012
71.4	-1.39458	-1.43313	-0.000352263
71.45	-1.46449	-1.36165	-0.000321116
71.5	-1.53075	-1.28677	-0.000289884
71.55	-1.59317	-1.20867	-0.000258878
71.6	-1.65161	-1.12755	-0.000228407
71.65	-1.70593	-1.04362	-0.000198777
71.7	-1.75597	-0.957068	-0.000170284
71.75	-1.80163	-0.868128	-0.000143211
71.8	-1.84279	-0.777018	-0.000117831
71.85	-1.87933	-0.683965	-9.43959e-05
71.9	-1.91118	-0.589202	-7.31406e-05
71.95	-1.93826	-0.492966	-5.42774e-05
72	-1.96048	-0.395497	-3.79949e-05
72.05	-1.9778	-0.29704	-2.44556e-05
72.1	-1.99018	-0.19784	-1.3795e-05
72.15	-1.99759	-0.098146	-6.11958e-06
72.2	-2	0.00179369	-1.50604e-06
72.25	-1.99741	0.101729	-5.03022e-10
72.3	-1.98983	0.20141	-1.61801e-06
72.35	-1.97727	0.300587	-6.34239e-06
72.4	-1.95977	0.399013	-1.41264e-05
72.45	-1.93737	0.496441	-2.48923e-05
72.5	-1.91012	0.592629	-3.85325e-05
72.55	-1.8781	0.687334	-5.49107e-05
72.6	-1.84139	0.780322	-7.38631e-05
72.65	-1.80007	0.871358	-9.52004e-05
72.7	-1.75425	0.960216	-0.000118709
72.75	-1.70405	1.04667	-0.000144155
72.8	-1.64959	1.13052	-0.000171283
72.85	-1.591	1.21153	-0.000199822
72.9	-1.52843	1.28952	-0.000229488
72.95	-1.46205	1.36428	-0.000259983
73	-1.39201	1.43563	-0.000291003
73.05	-1.31848	1.50339	-0.000322237
73.1	-1.24167	1.56739	-0.000353375
73.15	-1.16175	1.62748	-0.000384104
73.2	-1.07892	1.6835	-0.000414117
73.25	-0.993395	1.7353	-0.000443115
73.3	-0.905388	1.78277	-0.000470807
73.35	-0.815118	1.82579	-0.000496917
73.4	-0.72281	1.86424	-0.000521185
73.45	-0.628694	1.89802	-0.000543367
73.5	-0.533007	1.92707	-0.000563241
73.55	-0.435988	1.95129	-0.00058061
73.6	-0.337878	1.97064	-0.000595299
73.65	-0.238924	1.98506	-0.000607162
73.7	-0.139373	1.99451	-0.00061608
73.75	-0.0394728	1.99899	-0.000621965
73.8	0.0605258	1.99846	-0.000624757
73.85	0.160373	1.99294	-0.000624428
73.9	0.259819	1.98243	-0.000620981
73.95	0.358616	1.96697	-0.000614452
74	0.456517	1.94659	-0.000604905
74.05	0.553276	1.92135	-0.000592436
74.1	0.648651	1.8913	-0.00057717
74.15	0.742405	1.85652	-0.000559258
74.2	0.834304	1.81711	-0.00053888
74.25	0.924116	1.77315	-0.00051624
74.3	1.01162	1.72475	-0.000491564
74.35	1.09659	1.67205	-0.000465098
74.4	1.17882	1.61516	-0.000437107
74.45	1.25811	1.55424	-0.000407871
74.5	1.33425	1.48943	-0.000377682
74.55	1.40705	1.4209	-0.000346842
74.6	1.47634	1.34881	-0.000315658
74.65	1.54193	1.27336	-0.000284442
74.7	1.60367	1.19472	-0.000253507
74.75	1.6614	1.11309	-0.000223162
74.8	1.71498	1.02868	-0.000193709
74.85	1.76427	0.941697	-0.000165444
74.9	1.80915	0.852362	-0.000138648
74.95	1.84951	0.760895	-0.00011359
75	1.88524	0.667527	-9.05194e-05
75.05	1.91626	0.572489	-6.96673e-05
75.1	1.94249	0.476021	-5.1242e-05
75.15	1.96386	0.378362	-3.54277e-05
75.2	1.98032	0.279757	-2.23824e-05
75.25	1.99184	0.180453	-1.22364e-05
75.3	1.99837	0.0806979	-5.0912e-06
75.35	1.99991	-0.0192591	-1.01816e-06
75.4	1.99644	-0.119168	-5.79912e-08
75.45	1.98799	-0.218779	-2.22029e-06
75.5	1.97457	-0.317843	-7.48345e-06
75.55	1.95621	-0.416112	-1.57949e-05
75.6	1.93296	-0.513341	-2.70715e-05
75.65	1.90487	-0.609287	-4.12006e-05
75.7	1.87203	-0.703709	-5.8041e-05
75.75	1.8345	-0.796372	-7.74244e-05
75.8	1.79239	-0.887045	-9.91571e-05
75.85	1.7458	-0.975499	-0.000123022
75.9	1.69484	-1.06152	-0.00014878
75.95	1.63965	-1.14488	-0.000176175
76	1.58035	-1.22538	-0.000204932
76.05	1.51711	-1.30281	-0.000234764
76.1	1.45007	-1.37699	-0.000265373
76.15	1.37941	-1.44773	-0.000296452
76.2	1.3053	-1.51485	-0.000327693
76.25	1.22792	-1.57818	-0.000358781
76.3	1.14748	-1.63756	-0.000389407
76.35	1.06417	-1.69285	-0.000419264
76.4	0.978194	-1.74391	-0.000448054
76.45	0.889776	-1.79061	-0.00047549
76.5	0.799133	-1.83284	-0.000501297
76.55	0.706492	-1.87048	-0.000525217
76.6	0.612085	-1.90344	-0.000547011
76.65	0.516148	-1.93165	-0.000566461
76.7	0.418921	-1.95502	-0.000583374
76.75	0.320646	-1.97351	-0.000597579
76.8	0.221569	-1.98707	-0.000608935
76.85	0.121939	-1.99566	-0.000617329
76.9	0.0220038	-1.99925	-0.000622677
76.95	-0.0779864	-1.99785	-0.000624924
77	-0.177782	-1.99146	-0.00062405
77.05	-0.277132	-1.98009	-0.000620062
77.1	-0.37579	-1.96376	-0.000613
77.15	-0.473509	-1.94253	-0.000602935
77.2	-0.570044	-1.91644	-0.000589967
77.25	-0.665153	-1.88556	-0.000574227
77.3	-0.7586	-1.84997	-0.000555871
77.35	-0.85015	-1.80975	-0.000535082
77.4	-0.939575	-1.76501	-0.00051207
77.45	-1.02665	-1.71585	-0.000487062
77.5	-1.11116	-1.66241	-0.000460311
77.55	-1.19289	-1.60481	-0.000432082
77.6	-1.27164	-1.54319	-0.000402658
77.65	-1.34721	-1.47772	-0.000372333
77.7	-1.41941	-1.40855	-0.00034141
77.75	-1.48807	-1.33587	-0.000310198
77.8	-1.553	-1.25984	-0.000279009
77.85	-1.61405	-1.18067	-0.000248155
77.9	-1.67107	-1.09854	-0.000217944
77.95	-1.7239	-1.01366	-0.000188678
78	-1.77243	-0.926255	-0.000160649
78.05	-1.81653	-0.836531	-0.000134138
78.1	-1.85609	-0.744715	-0.00010941
78.15	-1.891	-0.651038	-8.67106e-05
78.2	-1.92119	-0.555733	-6.62681e-05
78.25	-1.94657	-0.459039	-4.82863e-05
78.3	-1.96709	-0.361198	-3.29451e-05
78.35	-1.98269	-0.262453	-2.03977e-05
78.4	-1.99334	-0.163052	-1.07695e-05
78.45	-1.999	-0.0632436	-4.15665e-06
78.5	-1.99966	0.036723	-6.25352e-07
78.55	-1.99533	0.136598	-2.10847e-07
78.6	-1.986	0.236131	-2.91728e-06
78.65	-1.97171	0.335074	-8.71761e-06
78.7	-1.9525	0.433179	-1.75539e-05
78.75	-1.9284	0.530201	-2.93377e-05
78.8	-1.89948	0.625898	-4.39515e-05
78.85	-1.86581	0.72003	-6.1249e-05
78.9	-1.82747	0.812362	-8.10575e-05
78.95	-1.78457	0.902663	-0.000103179
79	-1.73721	0.990708	-0.000127392
79.05	-1.6855	1.07628	-0.000153456
79.1	-1.62958	1.15915	-0.000181108
79.15	-1.56958	1.23913	-0.000210074
79.2	-1.50567	1.31601	-0.000240064
79.25	-1.43798	1.3896	-0.000270777
79.3	-1.3667	1.45972	-0.000301907
79.35	-1.29201	1.52619	-0.000333143
79.4	-1.21409	1.58884	-0.000364173
79.45	-1.13313	1.64752	-0.000394687
79.5	-1.04933	1.70208	-0.000424379
79.55	-0.962918	1.75239	-0.000452953
79.6	-0.874095	1.79831	-0.000480123
79.65	-0.783087	1.83974	-0.000505618
79.7	-0.690121	1.87657	-0.000529184
79.75	-0.595429	1.90871	-0.000550583
79.8	-0.499249	1.93608	-0.000569604
79.85	-0.401821	1.95861	-0.000586055
79.9	-0.303389	1.97624	-0.000599772
79.95	-0.204198	1.98893	-0.000610618
80	-0.104496	1.99664	-0.000618485
80.05	-0.00453313	1.99937	-0.000623294
80.1	0.095441	1.9971	-0.000624997
80.15	0.195177	1.98983	-0.000623577
80.2	0.294424	1.97759	-0.000619048
80.25	0.392936	1.96041	-0.000611455
80.3	0.490465	1.93832	-0.000600875
80.35	0.586768	1.91139	-0.000587413
80.4	0.681604	1.87968	-0.000571204
80.45	0.774736	1.84327	-0.000552409
80.5	0.865932	1.80226	-0.000531216
80.55	0.954962	1.75673	-0.000507838
80.6	1.04161	1.70682	-0.000482507
80.65	1.12564	1.65264	-0.000455478
80.7	1.20687	1.59433	-0.00042702
80.75	1.28508	1.53203	-0.000397417
80.8	1.36007	1.4659	-0.000366965
80.85	1.43167	1.39611	-0.000335969
80.9	1.49968	1.32282	-0.000304739
80.95	1.56395	1.24623	-0.000273586
81	1.62431	1.16653	-0.000242822
81.05	1.6806	1.0839	-0.000212755
81.1	1.7327	0.99857	-0.000183684
81.15	1.78046	0.910741	-0.000155901
81.2	1.82377	0.820635	-0.000129683
81.25	1.86252	0.728478	-0.000105291
81.3	1.89662	0.6345	-8.29707e-05
81.35	1.92597	0.538935	-6.2944e-05
81.4	1.95051	0.442023	-4.54113e-05
81.45	1.97017	0.344006	-3.05479e-05
81.5	1.98491	0.245128	-1.85022e-05
81.55	1.99469	0.145639	-9.39462e-06
81.6	1.99948	0.0457845	-3.31623e-06
81.65	1.99927	-0.0541841	-3.27739e-07
81.7	1.99406	-0.154017	-4.59023e-07
81.75	1.98386	-0.253465	-3.70877e-06
81.8	1.96871	-0.35228	-1.00445e-05
81.85	1.94864	-0.450213	-1.94029e-05
81.9	1.92369	-0.547021	-3.16904e-05
81.95	1.89393	-0.642462	-4.67843e-05
82	1.85944	-0.736296	-6.45337e-05
82.05	1.8203	-0.82829	-8.47611e-05
82.1	1.77661	-0.918213	-0.000107265
82.15	1.72848	-1.00584	-0.000131819
82.2	1.67603	-1.09095	-0.000158179
82.25	1.61939	-1.17334	-0.000186082
82.3	1.5587	-1.25279	-0.000215248
82.35	1.49411	-1.32911	-0.000245385
82.4	1.42579	-1.40211	-0.000276194
82.45	1.3539	-1.4716	-0.000307365
82.5	1.27863	-1.53741	-0.000338588
82.55	1.20016	-1.59938	-0.00036955
82.6	1.11869	-1.65735	-0.000399941
82.65	1.03442	-1.71118	-0.000429459
82.7	0.947569	-1.76073	-0.000457808
82.75	0.858348	-1.80588	-0.000484705
82.8	0.766981	-1.84651	-0.000509881
82.85	0.673696	-1.88253	-0.000533084
82.9	0.578728	-1.91384	-0.000554083
82.95	0.482312	-1.94037	-0.000572668
83	0.384691	-1.96204	-0.000588652
83.05	0.286108	-1.97881	-0.000601877
83.1	0.18681	-1.99063	-0.00061221
83.15	0.0870449	-1.99748	-0.000619547
83.2	-0.0129379	-1.99933	-0.000623816
83.25	-0.112888	-1.99619	-0.000624974
83.3	-0.212557	-1.98805	-0.000623009
83.35	-0.311694	-1.97495	-0.000617941
83.4	-0.410051	-1.9569	-0.00060982
83.45	-0.507384	-1.93397	-0.000598728
83.5	-0.603448	-1.90619	-0.000584775
83.55	-0.698003	-1.87366	-0.000568102
83.6	-0.790814	-1.83644	-0.000548874
83.65	-0.881647	-1.79463	-0.000527283
83.7	-0.970276	-1.74833	-0.000503547
83.75	-1.05648	-1.69766	-0.000477901
83.8	-1.14004	-1.64275	-0.000450602
83.85	-1.22075	-1.58373	-0.000421922
83.9	-1.29841	-1.52075	-0.00039215
83.95	-1.37283	-1.45397	-0.000361581
84	-1.44381	-1.38355	-0.000330522
84.05	-1.51118	-1.30968	-0.000299283
84.1	-1.57478	-1.23253	-0.000268175
84.15	-1.63444	-1.1523	-0.000237511
84.2	-1.69001	-1.06918	-0.000207596
84.25	-1.74136	-0.983401	-0.00017873
84.3	-1.78835	-0.895158	-0.0001512
84.35	-1.83087	-0.804678	-0.000125283
84.4	-1.86882	-0.712185	-0.000101236
84.45	-1.90209	-0.617913	-7.93008e-05
84.5	-1.93061	-0.522095	-5.96961e-05
84.55	-1.9543	-0.424973	-4.26178e-05
84.6	-1.9731	-0.326788	-2.82367e-05
84.65	-1.98698	-0.227785	-1.66964e-05
84.7	-1.99588	-0.128214	-8.11229e-06
84.75	-1.9998	-0.0283219	-2.57017e-06
84.8	-1.99872	0.071641	-1.25411e-07
84.85	-1.99264	0.171425	-8.02445e-07
84.9	-1.98157	0.27078	-4.59451e-06
84.95	-1.96556	0.369458	-1.14637e-05
85	-1.94463	0.467213	-2.13414e-05
85.05	-1.91884	0.563799	-3.41288e-05
85.1	-1.88825	0.658977	-4.96982e-05
85.15	-1.85294	0.752506	-6.7894e-05
85.2	-1.813	0.844155	-8.85343e-05
85.25	-1.76852	0.933693	-0.000111413
85.3	-1.71963	1.0209	-0.000136301
85.35	-1.66643	1.10555	-0.00016295
85.4	-1.60907	1.18744	-0.000191094
85.45	-1.54769	1.26635	-0.000220451
85.5	-1.48244	1.34211	-0.000250728
85.55	-1.41348	1.41451	-0.000281622
85.6	-1.34099	1.48337	-0.000312825
85.65	-1.26514	1.54852	-0.000344024
85.7	-1.18613	1.6098	-0.000374909
85.75	-1.10416	1.66706	-0.000405169
85.8	-1.01943	1.72015	-0.000434504
85.85	-0.932147	1.76894	-0.00046262
85.9	-0.842535	1.81331	-0.000489235
85.95	-0.750816	1.85314	-0.000514084
86	-0.657221	1.88834	-0.000536918
86.05	-0.561982	1.91882	-0.000557509
86.1	-0.465339	1.9445	-0.000575652
86.15	-0.367532	1.96533	-0.000591166
86.2	-0.268806	1.98123	-0.000603894
86.25	-0.169408	1.99219	-0.00061371
86.3	-0.0695873	1.99816	-0.000620516
86.35	0.0304079	1.99914	-0.000624243
86.4	0.130327	1.99513	-0.000624856
86.45	0.22992	1.98612	-0.000622346
86.5	0.328939	1.97215	-0.00061674
86.55	0.427135	1.95325	-0.000608094
86.6	0.524264	1.92946	-0.000596493
86.65	0.620081	1.90085	-0.000582054
86.7	0.714349	1.86749	-0.000564922
86.75	0.806831	1.82946	-0.000545267
86.8	0.897295	1.78686	-0.000523285
86.85	0.985516	1.73979	-0.000499197
86.9	1.07127	1.68837	-0.000473243
86.95	1.15435	1.63273	-0.000445683
87	1.23455	1.57301	-0.000416792
87.05	1.31165	1.50935	-0.000386858
87.1	1.38548	1.44192	-0.000356182
87.15	1.45585	1.37089	-0.000325069
87.2	1.52257	1.29643	-0.00029383
87.25	1.58549	1.21873	-0.000262778
87.3	1.64444	1.13798	-0.000232223
87.35	1.69929	1.05439	-0.00020247
87.4	1.74988	0.968156	-0.000173816
87.45	1.7961	0.879507	-0.000146549
87.5	1.83783	0.788658	-0.00012094
87.55	1.87497	0.695838	-9.72455e-05
87.6	1.90742	0.601279	-7.57022e-05
87.65	1.9351	0.505216	-5.65253e-05
87.7	1.95794	0.40789	-3.99067e-05
87.75	1.97589	0.309544	-2.60122e-05
87.8	1.98889	0.210425	-1.49809e-05
87.85	1.99693	0.11078	-6.92287e-06
87.9	1.99997	0.0108571	-1.91872e-06
87.95	1.99801	-0.0890925	-1.84297e-08
88	1.99106	-0.188819	-1.24101e-06
88.05	1.97913	-0.288074	-5.57423e-06
88.1	1.96225	-0.386609	-1.29748e-05
88.15	1.94047	-0.484177	-2.33687e-05
88.2	1.91384	-0.580535	-3.66522e-05
88.25	1.88242	-0.675441	-5.26924e-05
88.3	1.84629	-0.768659	-7.1329e-05
88.35	1.80555	-0.859955	-9.23759e-05
88.4	1.7603	-0.949101	-0.000115623
88.45	1.71064	-1.03587	-0.000140837
88.5	1.65671	-1.12006	-0.000167767
88.55	1.59864	-1.20144	-0.000196143
88.6	1.53656	-1.27982	-0.000225682
88.65	1.47065	-1.355	-0.000256089
88.7	1.40106	-1.4268	-0.000287059
88.75	1.32797	-1.49502	-0.000318284
88.8	1.25156	-1.55951	-0.000349451
88.85	1.17202	-1.6201	-0.000380249
88.9	1.08955	-1.67664	-0.000410369
88.95	1.00436	-1.72899	-0.000439512
89	0.916654	-1.77701	-0.000467385
89.05	0.826658	-1.82059	-0.00049371
89.1	0.734595	-1.85963	-0.000518225
89.15	0.640695	-1.89401	-0.000540683
89.2	0.545194	-1.92366	-0.000560861
89.25	0.44833	-1.94849	-0.000578557
89.3	0.350344	-1.96846	-0.000593594
89.35	0.251484	-1.98351	-0.000605822
89.4	0.151994	-1.99359	-0.000615118
89.45	0.0521243	-1.9987	-0.00062139
89.5	-0.0478757	-1.9988	-0.000624575
89.55	-0.147756	-1.99391	-0.000624642
89.6	-0.247267	-1.98404	-0.000621589
89.65	-0.346159	-1.9692	-0.000615447
89.7	-0.444187	-1.94944	-0.000606277
89.75	-0.541104	-1.92481	-0.000594172
89.8	-0.636668	-1.89536	-0.000579251
89.85	-0.73064	-1.86118	-0.000561665
89.9	-0.822786	-1.82235	-0.000541588
89.95	-0.912875	-1.77895	-0.000519222
90	-1.00068	-1.73112	-0.000494791
90.05	-1.08599	-1.67895	-0.000468537
90.1	-1.16858	-1.62259	-0.000440724
90.15	-1.24824	-1.56216	-0.00041163
90.2	-1.32479	-1.49784	-0.000381544
90.25	-1.39803	-1.42977	-0.000350769
90.3	-1.46777	-1.35812	-0.000319612
90.35	-1.53384	-1.28308	-0.000288383
90.4	-1.59608	-1.20484	-0.000257396
90.45	-1.65432	-1.12357	-0.000226959
90.5	-1.70844	-1.03951	-0.000197377
90.55	-1.75828	-0.952838	-0.000168945
90.6	-1.80372	-0.863788	-0.000141948
90.65	-1.84465	-0.772579	-0.000116656
90.7	-1.88098	-0.679438	-9.33206e-05
90.75	-1.9126	-0.584599	-7.21758e-05
90.8	-1.93944	-0.488298	-5.34327e-05
90.85	-1.96143	-0.390776	-3.72788e-05
90.9	-1.97851	-0.292278	-2.38753e-05
90.95	-1.99066	-0.193049	-1.33562e-05
91	-1.99782	-0.0933367	-5.82673e-06
91.05	-1.99999	0.00660852	-1.36206e-06
91.1	-1.99716	0.106537	-6.8281e-09
91.15	-1.98934	0.2062	-1.77457e-06
91.2	-1.97654	0.305346	-6.64763e-06
91.25	-1.9588	0.40373	-1.45773e-05
91.3	-1.93617	0.501104	-2.54843e-05
91.35	-1.90869	0.597225	-3.92597e-05
91.4	-1.87644	0.691854	-5.57658e-05
91.45	-1.8395	0.784753	-7.48377e-05
91.5	-1.79797	0.875689	-9.62846e-05
91.55	-1.75194	0.964437	-0.000119892
91.6	-1.70152	1.05077	-0.000145425
91.65	-1.64686	1.13448	-0.000172627
91.7	-1.58808	1.21536	-0.000201228
91.75	-1.52532	1.29319	-0.00023094
91.8	-1.45876	1.36779	-0.000261467
91.85	-1.38854	1.43898	-0.000292504
91.9	-1.31486	1.50656	-0.000323742
91.95	-1.23789	1.57038	-0.000354866
92	-1.15782	1.63027	-0.000385568
92.05	-1.07486	1.68609	-0.000415539
92.1	-0.989212	1.73769	-0.000444481
92.15	-0.901091	1.78495	-0.000472103
92.2	-0.810717	1.82774	-0.00049813
92.25	-0.718317	1.86597	-0.000522303
92.3	-0.62412	1.89953	-0.000544378
92.35	-0.528364	1.92834	-0.000564137
92.4	-0.431286	1.95233	-0.00058138
92.45	-0.33313	1.97144	-0.000595936
92.5	-0.234142	1.98563	-0.00060766
92.55	-0.134568	1.99484	-0.000616434
92.6	-0.0346573	1.99907	-0.000622171
92.65	0.0653397	1.99831	-0.000624812
92.7	0.165173	1.99254	-0.000624333
92.75	0.264594	1.9818	-0.000620737
92.8	0.363354	1.9661	-0.000614061
92.85	0.461204	1.94549	-0.000604371
92.9	0.557902	1.92001	-0.000591764
92.95	0.653205	1.88973	-0.000576366
93	0.746876	1.85473	-0.000558332
93.05	0.838679	1.81509	-0.00053784
93.1	0.928385	1.77092	-0.000515097
93.15	1.01577	1.72231	-0.000490328
93.2	1.10062	1.6694	-0.000463783
93.25	1.18271	1.61232	-0.000435726
93.3	1.26185	1.5512	-0.000406437
93.35	1.33783	1.48621	-0.000376209
93.4	1.41047	1.41751	-0.000345345
93.45	1.47958	1.34525	-0.000314153
93.5	1.54499	1.26964	-0.000282944
93.55	1.60655	1.19085	-0.00025203
93.6	1.66408	1.10909	-0.000221721
93.65	1.71745	1.02455	-0.000192319
93.7	1.76653	0.937447	-0.000164118
93.75	1.8112	0.848004	-0.0001374
93.8	1.85133	0.756441	-0.000112431
93.85	1.88684	0.662986	-8.94626e-05
93.9	1.91763	0.567874	-6.87228e-05
93.95	1.94363	0.471343	-5.04192e-05
94	1.96477	0.373633	-3.47348e-05
94.05	1.98099	0.274989	-2.18264e-05
94.1	1.99227	0.175657	-1.18228e-05
94.15	1.99856	0.0758867	-4.82419e-06
94.2	1.99986	-0.0240736	-9.00375e-07
94.25	1.99615	-0.123974	-9.06096e-08
94.3	1.98746	-0.223564	-2.40299e-06
94.35	1.9738	-0.322595	-7.81439e-06
94.4	1.9552	-0.42082	-1.62708e-05
94.45	1.93171	-0.517993	-2.76876e-05
94.5	1.9034	-0.613871	-4.19507e-05
94.55	1.87033	-0.708214	-5.89176e-05
94.6	1.83258	-0.800786	-7.84188e-05
94.65	1.79025	-0.891357	-0.000100259
94.7	1.74344	-0.979699	-0.000124221
94.75	1.69228	-1.06559	-0.000150064
94.8	1.63688	-1.14882	-0.000177531
94.85	1.5774	-1.22918	-0.000206346
94.9	1.51396	-1.30646	-0.000236222
94.95	1.44675	-1.38048	-0.000266861
95	1.37592	-1.45105	-0.000297956
95.05	1.30164	-1.51799	-0.000329196
95.1	1.22412	-1.58113	-0.000360269
95.15	1.14353	-1.64032	-0.000390865
95.2	1.06009	-1.69541	-0.000420677
95.25	0.97399	-1.74626	-0.000449409
95.3	0.88546	-1.79275	-0.000476772
95.35	0.794715	-1.83475	-0.000502494
95.4	0.701984	-1.87217	-0.000526317
95.45	0.607498	-1.90491	-0.000548003
95.5	0.511493	-1.93288	-0.000567335
95.55	0.41421	-1.95603	-0.000584121
95.6	0.315891	-1.97428	-0.000598192
95.65	0.216782	-1.9876	-0.000609408
95.7	0.117131	-1.99594	-0.000617657
95.75	0.0171877	-1.9993	-0.000622856
95.8	-0.0827988	-1.99766	-0.000624954
95.85	-0.182578	-1.99103	-0.000623929
95.9	-0.281901	-1.97941	-0.000619791
95.95	-0.38052	-1.96285	-0.000612583
96	-0.478187	-1.94139	-0.000602376
96.05	-0.574658	-1.91507	-0.000589271
96.1	-0.669693	-1.88396	-0.000573401
96.15	-0.763054	-1.84814	-0.000554924
96.2	-0.854507	-1.8077	-0.000534023
96.25	-0.943824	-1.76274	-0.000510909
96.3	-1.03078	-1.71338	-0.000485812
96.35	-1.11516	-1.65973	-0.000458983
96.4	-1.19675	-1.60193	-0.00043069
96.45	-1.27535	-1.54013	-0.000401216
96.5	-1.35077	-1.47447	-0.000370855
96.55	-1.4228	-1.40513	-0.000339911
96.6	-1.49128	-1.33228	-0.000308693
96.65	-1.55603	-1.2561	-0.000277513
96.7	-1.61689	-1.17678	-0.000246683
96.75	-1.67371	-1.09451	-0.000216511
96.8	-1.72634	-1.00951	-0.000187297
96.85	-1.77466	-0.921985	-0.000159336
96.9	-1.81854	-0.832155	-0.000132904
96.95	-1.85787	-0.740245	-0.000108268
97	-1.89256	-0.646484	-8.56726e-05
97.05	-1.92252	-0.551107	-6.53441e-05
97.1	-1.94767	-0.454352	-4.74857e-05
97.15	-1.96796	-0.356461	-3.22757e-05
97.2	-1.98332	-0.257679	-1.98662e-05
97.25	-1.99373	-0.158253	-1.03812e-05
97.3	-1.99915	-0.058431	-3.91556e-06
97.35	-1.99957	0.0415369	-5.33799e-07
97.4	-1.99499	0.141401	-2.69749e-07
97.45	-1.98543	0.240911	-3.12605e-06
97.5	-1.9709	0.33982	-9.07416e-06
97.55	-1.95145	0.437878	-1.80546e-05
97.6	-1.92711	0.534842	-2.99777e-05
97.65	-1.89796	0.630469	-4.47242e-05
97.7	-1.86407	0.72452	-6.21469e-05
97.75	-1.82551	0.816759	-8.20715e-05
97.8	-1.78239	0.906957	-0.000104299
97.85	-1.73481	0.994887	-0.000128607
97.9	-1.6829	1.08033	-0.000154753
97.95	-1.62678	1.16307	-0.000182475
98	-1.56659	1.24291	-0.000211497
98.05	-1.50249	1.31963	-0.000241528
98.1	-1.43463	1.39306	-0.000272269
98.15	-1.36318	1.46301	-0.000303412
98.2	-1.28833	1.52929	-0.000334645
98.25	-1.21026	1.59176	-0.000365657
98.3	-1.12915	1.65024	-0.000396138
98.35	-1.04523	1.7046	-0.000425783
98.4	-0.958694	1.7547	-0.000454296
98.45	-0.86976	1.80041	-0.000481392
98.5	-0.778653	1.84162	-0.000506799
98.55	-0.685598	1.87823	-0.000530266
98.6	-0.59083	1.91014	-0.000551556
98.65	-0.494584	1.93728	-0.000570456
98.7	-0.397102	1.95957	-0.000586779
98.75	-0.298627	1.97696	-0.000600361
98.8	-0.199406	1.98941	-0.000611066
98.85	-0.0996859	1.99689	-0.000618787
98.9	0.000283207	1.99937	-0.000623447
98.95	0.100252	1.99686	-0.000625
99	0.199969	1.98936	-0.00062343
99.05	0.299187	1.97688	-0.000618752
99.1	0.397657	1.95946	-0.000611014
99.15	0.495133	1.93714	-0.000600292
99.2	0.591371	1.90997	-0.000586694
99.25	0.68613	1.87804	-0.000570356
99.3	0.779174	1.8414	-0.000551441
99.35	0.870271	1.80017	-0.000530139
99.4	0.959191	1.75443	-0.000506661
99.45	1.04571	1.70431	-0.000481243
99.5	1.12962	1.64992	-0.000454138
99.55	1.21071	1.59142	-0.000425618
99.6	1.28876	1.52893	-0.000395967
99.65	1.3636	1.46262	-0.000365483
99.7	1.43503	1.39266	-0.000334468
99.75	1.50286	1.31921	-0.000303235
99.8	1.56695	1.24246	-0.000272093
99.85	1.62711	1.16261	-0.000241356
99.9	1.68321	1.07985	-0.00021133
99.95	1.7351	0.994396	-0.000182314
100	1.78265	0.906452	-0.0001546
